HDR|08|11|00001
TRX|528|2098901|042|1|000200000|01|20260811|EDF1F479-2635-4897-9CAD-0C6685F1DD18|0|11528042387120260511|S|||S|N| 
INV|463002600010|1|000200000|000200000|1|0|| 
TRX|528|2098901|042|2|000224000|01|20260811|C771F4EB-6FBE-4B76-B9C3-63173E61D8B7|0|11528042386920260511|S|||S|N| 
INV|463002600010|1|000200000|000200000|1|0|| 
INV|463541600007|1|000024000|000024000|2|0|| 
TRX|528|2098901|042|1|000059999|01|20260811|70BC1F58-9E87-451C-891E-0D8D1EB6DA13|0|11528042386820260511|S|||S|J|528
INV|416074200008|1|000059999|000059999|1|0|| 
TRX|623|2010040|044|1|000016000|02|20260809|5BF84174-6168-476C-AF34-C8C3F10A92B6|0|11623044268520260409|S|||S|N|623
INV|463715400013|1|000016000|000016000|1|0|| 
TRX|528|2098901|042|4|000146016|01|20260811|C51E37D5-833F-47B9-81B0-C935D91EB0E4|1|11528042387220260511|S|||S|N|528
INV|468860100016|4|000146016|000052124|1|000062480|| 
TRX|528|2098901|002|1|000031160|01|20260811|1152800200000448|0|11528002844520260511|R|11528002843620260511|528|S|N| 
INV|420765600169|1|000031160|000038000|1|000006840|| 
TRX|528|2098901|042|3|000061644|02|20260811|C7CD7A76-4ACE-405B-AC33-D8961B2C574E|0|11528042387020260511|S|||S|N|528
INV|496063600002|1|000045200|000046700|1|000001500|| 
INV|463542200008|1|000014944|000014944|2|0|| 
INV|474435300002|1|000001500|000001500|3|0|| 
TRX|623|2010040|007|2|000018921|02|20260809|5AEEE746-5150-4219-ACB0-2E38E0B105D2|0|11623007001920260409|S|||S|N|623
INV|463715400013|1|000016000|000016000|1|0|| 
INV|463541700004|1|000002921|000002921|2|0|| 
