HDR|08|11|00001
TRX|528|2430001|002|1|000032900|01|20260810|0189E4C2-8230-4519-8A0B-8266370033C2|0|11528002840620260510|S|||S|N| 
INV|461431200016|1|000032900|000036900|1|000004000|| 
TRX|528|2430001|002|1|000139900|01|20260810|B3A50C6A-8EB6-4D02-A8B6-0AD20967CE82|0|11528002841120260510|S|||S|J| 
INV|462290500019|1|000139900|000139900|1|0|| 
TRX|528|2430001|042|2|000119800|01|20260810|8A74B56F-84D4-4695-8C76-E10DBFE1218A|0|11528042381420260510|S|||S|N|528
INV|438370500002|1|000059900|000059900|1|0|| 
INV|450908000006|1|000059900|000059900|2|0|| 
TRX|528|2430001|042|2|000167640|02|20260810|66851852-F36D-4179-A33A-7577E9E1859A|0|11528042381520260510|S|||S|N|528
INV|454541600012|1|000127000|000127000|1|0|| 
INV|463542200008|1|000040640|000040640|2|0|| 
TRX|623|2010040|044|1|000079900|01|20260809|1162304400000093|0|11623044268320260409|R|11623044268220260409|623|S|N| 
INV|437745500005|1|000079900|000079900|1|0|| 
TRX|528|2430001|002|1|000085000|01|20260810|DA33C9EB-4A40-4C96-B202-C6494EB50677|0|11528002840820260510|S|||S|J| 
INV|487468100006|1|000085000|000085000|1|0|| 
TRX|528|2430001|002|2|000100411|01|20260810|9B5F0A51-A110-4485-A883-354179E4D992|0|11528002841220260510|S|||S|N| 
INV|487468100006|1|000085000|000085000|1|0|| 
INV|463542200008|1|000015411|000015411|2|0|| 
TRX|623|2010040|044|1|000079900|01|20260809|87A44823-C03D-4460-B8C7-D637E83C5A75|0|11623044268220260409|S|||S|N|623
INV|437745500005|1|000079900|000079900|1|0|| 
TRX|528|2430001|002|1|000038000|01|20260810|5B03BE67-4702-4841-AE6C-C4B8639A413B|0|11528002840720260510|S|||S|N| 
INV|420765600169|1|000038000|000038000|1|0|| 
TRX|528|2430001|002|4|000295800|01|20260810|2ECFAE5D-B4D5-446A-931F-C1880AD5574C|0|11528002840520260510|S|||S|N| 
INV|461431200016|1|000032900|000036900|1|000004000|| 
INV|420765600169|1|000038000|000038000|2|0|| 
INV|487468100006|1|000085000|000085000|3|0|| 
INV|462290500019|1|000139900|000139900|4|0|| 
TRX|528|2430001|042|1|000119900|01|20260810|109964A3-0F88-421F-94BE-89803BF4CC66|0|11528042381320260510|S|||S|N|528
INV|430826600007|1|000119900|000119900|1|0|| 
