HDR|08|11|00001
TRX|623|2010040|052|6|000106760|01|20260809|99E88944-B7C7-40FA-9197-ECFF3483BFDB|0|11623052293720260409|S|||S|N|623
INV|410797900009|1|000034500|000034500|1|0|| 
INV|441357800002|1|000009900|000009900|2|0|| 
INV|410915500005|1|000012500|000012500|3|0|| 
INV|456644200014|1|000000360|000000360|4|0|| 
INV|457493800011|1|000013000|000013000|5|0|| 
INV|456612300012|1|000036500|000036500|6|0|| 
TRX|528|2430001|042|7|000230300|02|20260818|F503AB04-9F35-46B6-9981-DE066A808EC6|0|11528042415520260518|S|||S|N|528
INV|461431200016|7|000230300|000036900|1|000028000|| 
TRX|528|2430001|042|2|000017900|01|20260818|8CF4CB49-0154-42E8-828E-B955A3F1E775|0|11528042416220260518|S|||S|N|528
INV|415687600007|1|000012001|000017900|1|000005899|| 
INV|463005700007|1|000005899|000005899|2|0|| 
TRX|528|2430001|042|2|000059900|01|20260818|CCD7D8D4-84B4-4703-B681-55CAD4BD3A21|0|11528042416120260518|S|||S|N|528
INV|438370500002|1|000049901|000059900|1|000009999|| 
INV|461341100000|1|000009999|000009999|2|0|| 
TRX|528|2430001|002|1|000169900|01|20260818|9F405A33-6A21-4F54-B3D8-3B24F5938816|0|11528002862420260518|S|||S|J| 
INV|459502600018|1|000169900|000169900|1|0|| 
TRX|528|2430001|002|2|000042075|02|20260818|50591109-5E11-482E-8EDD-E2D413639DFD|0|11528002862320260518|S|||S|N|528
INV|416673500004|1|000039976|000049500|1|000009524|| 
INV|458030400015|1|000002099|000002099|2|0|| 
TRX|623|2010040|052|2|000044400|01|20260809|7B4BD14C-E040-46E6-981F-77EEF486BBAA|0|11623052293820260409|S|||S|N|623
INV|410797900009|1|000034500|000034500|1|0|| 
INV|441357800002|1|000009900|000009900|2|0|| 
TRX|528|2430001|042|2|000084500|02|20260818|FDC84151-BD40-45FB-87B4-9D220834204D|0|11528042415620260518|S|||S|N|528
INV|416678400002|1|000083005|000084500|1|000001495|| 
INV|477154200004|1|000001495|000001495|2|0|| 
TRX|528|2430001|042|1|000119900|01|20260818|18D7FA1A-2DEB-4CC8-BE1B-0FB5220859D7|0|11528042416020260518|S|||S|N|528
INV|430826600007|1|000119900|000119900|1|0|| 
TRX|528|2430001|042|25|001112500|01|20260818|846EF48E-3F5E-482B-A3FE-F9C5DD8B4CFF|0|11528042415820260518|S|||S|N| 
INV|430875500006|25|001112500|000044500|1|0|| 
