HDR|08|11|00001
TRX|528|2430001|042|83|000924088|01|20260810|C74B9D3F-65DB-42DB-95EF-5B677EC9D122|0|11528042380320260510|S|||S|J| 
INV|457684000015|12|000069588|000005799|1|0|| 
INV|420765600169|5|000190000|000038000|2|0|| 
INV|461431200016|5|000164500|000036900|3|000020000|| 
INV|461220000018|50|000115000|000002300|4|0|| 
INV|418555100005|11|000385000|000035000|5|0|| 
TRX|528|2430001|042|1|000115000|01|20260810|A9F33518-E757-478A-8CEF-B6EA470672BC|1|11528042379820260510|S|||S|J|528
INV|441467000002|1|000115000|000101770|1|000013230|| 
TRX|528|2430001|042|1|000041327|01|20260810|1152804200000306|1|11528042379620260510|R|11528042376420260509|528|S|N| 
INV|441467100009|1|000041327|000041327|1|0|| 
TRX|528|2430001|042|1|000046700|01|20260810|1152804200000305|0|11528042379520260510|R|11528042375320260509|528|S|N| 
INV|412605300001|1|000046700|000046700|1|0|| 
TRX|528|2430001|042|5|000185725|01|20260810|81F104E5-9F8C-4ED3-B9EB-130EA6532F9D|0|11528042379920260510|S|||S|N|528
INV|410289300003|5|000185725|000043700|1|000032775|| 
