HDR|08|11|00001
TRX|528|2430001|042|1|000038000|01|20260809|E88A8A6A-9DC6-4A5D-B458-89D0A0A85BCC|0|11528042377220260509|S|||S|N| 
INV|420765600169|1|000038000|000038000|1|0|| 
TRX|528|2430001|042|2|000048200|01|20260809|D626DD11-5E9A-4907-A4B9-EDDB37BA421A|0|11528042377020260509|S|||S|N|528
INV|420765600169|1|000038000|000038000|1|0|| 
INV|463542200008|1|000010200|000010200|2|0|| 
TRX|528|2430001|042|1|000010200|01|20260809|6F4A2019-9583-43AC-8984-AE1F2D08D5BF|0|11528042376620260509|S|||S|N|528
INV|463542200008|1|000010200|000010200|1|0|| 
TRX|528|2430001|042|1|000062730|01|20260809|715BFC9D-5801-4097-BE80-E9F08873FF59|0|11528042376820260509|S|||S|N|528
INV|432061500005|1|000062730|000069700|1|000006970|| 
TRX|528|2430001|042|1|000006800|01|20260809|43CE200B-ADA6-4AA8-B7DA-F0F967EA8C75|0|11528042376720260509|S|||S|N|528
INV|463542100001|1|000006800|000006800|1|0|| 
TRX|528|2430001|042|1|000074900|01|20260809|122294FD-DD47-41E6-9CE6-EE24D964BC50|0|11528042377120260509|S|||S|N|528
INV|461341600012|1|000074900|000074900|1|0|| 
TRX|528|2430001|042|1|000038000|01|20260809|D8A47BBA-1E0F-4023-8E9E-0CCD6A94DF72|0|11528042376920260509|S|||S|N| 
INV|420765600169|1|000038000|000038000|1|0|| 
TRX|528|2430001|042|1|000022470|01|20260809|00A9C9E7-6855-440C-BFE3-FD2750762F11|0|11528042377320260509|S|||S|N|528
INV|463542200008|1|000022470|000022470|1|0|| 
