HDR|08|11|00001
TRX|623|2010040|052|4|000057260|01|20260809|B5677D47-BAB5-4586-B0EF-D5540E594586|0|11623052293620260409|S|||S|N|623
INV|410797900009|1|000034500|000034500|1|0|| 
INV|410915500005|1|000012500|000012500|2|0|| 
INV|441357800002|1|000009900|000009900|3|0|| 
INV|456644200014|1|000000360|000000360|4|0|| 
TRX|528|2430001|002|1|000030405|01|20260818|BD2D51D6-336D-42AD-A5DB-E6848A74B226|0|11528002861220260518|S|||S|N| 
INV|420765600169|1|000030405|000038000|1|000007595|| 
TRX|528|2430001|002|1|000038000|01|20260817|A444B1BE-31DE-400A-B758-D8CFBE068757|0|11528002860220260517|S|||S|| 
INV|420765600169|1|000038000|000038000|1|0|| 
TRX|528|2430001|002|3|000132000|02|20260818|49EA6981-8A21-41D3-80CC-76C23C0FD1A7|0|11528002861120260518|S|||S|J|528
INV|426953100008|1|000094400|000110000|1|000015600|| 
INV|463542200008|1|000033000|000033000|2|0|| 
INV|474058100003|1|000004600|000004600|3|0|| 
TRX|528|2430001|002|1|000038000|01|20260817|58E5A959-6AA6-4F49-97CB-38FBC03B4B14|0|11528002860320260517|S|||S|J| 
INV|420765600169|1|000038000|000038000|1|0|| 
