HDR|08|11|00001
TRX|657|2823001|128|6|000118300|02|20260826|F84C2DE0-F531-4FD5-8573-8AFEF22DC21B|0|11657128923820260826|S|||S|N|657
INV|466587800011|1|000029900|000039900|1|000010000|| 
INV|470528700018|1|000038400|000059900|2|000021500|| 
INV|472915800011|1|000049700|000085000|3|000035300|| 
INV|468304400016|1|000000100|000000100|4|0|| 
INV|433950300003|1|000000100|000000100|5|0|| 
INV|472915800011|1|000000100|000000100|6|0|| 
TRX|517|2088601|063|2|000049900|01|20260826|23421818-6DA6-417C-A04B-040D30B2C787|0|11517063889920260826|S|||S|N|517
INV|414701300008|1|000049898|000078500|1|000028602|| 
INV|466583000019|1|000000002|000000002|2|0|| 
TRX|515|2673101|080|1|000013700|01|20260826|6EC53877-311C-4294-B49C-348193C362E5|0|11515080528120260826|S|||S|N|515
INV|466587600017|1|000013700|000025000|1|000011300|| 
TRX|636|1174001|130|1|000035900|01|20260826|3026801C-B068-432F-BB88-EDF023A1049B|0|11636130016020260826|S|||S|N|636
INV|414698900007|1|000035900|000046900|1|000011000|| 
TRX|532|2155601|011|1|000096900|01|20260826|D8C46F85-8FD0-4D73-8A03-356334BF1A3D|0|11532011800520260826|S|||O|N|523
INV|472938100013|1|000096900|000149900|1|000053000|| 
TRX|571|1045401|075|1|000026900|01|20260826|E9AA0223-EFFF-436D-A724-3CAB78F97457|0|11571075290120260826|S|||S|N|571
INV|472654900010|1|000026900|000032900|1|000006000|| 
TRX|637|2331201|165|1|000026900|02|20260826|AFBCF96F-0FDE-4E63-BCCD-04C4624DAD9F|0|11637165872620260826|S|||S|N|637
INV|438587700004|1|000026900|000039900|1|000013000|| 
TRX|661|1604201|007|1|000051900|01|20260826|DA2FA735-595F-4278-A05C-A89F896D4821|0|11661007609220260826|S|||S|N|661
INV|456995700010|1|000051900|000060900|1|000009000|| 
TRX|545|2757101|019|1|000039900|02|20260826|9C43536D-6153-4D64-9755-1DFBB7DF320F|0|11545019508720260826|S|||S|N|545
INV|466583500014|1|000039900|000052900|1|000013000|| 
TRX|872|2682001|001|2|000001198|01|20260826|C9D8F7EF-714C-4DC8-8A51-9DB880A79EBB|0|11872001741520260826|S|||S|J| 
INV|472643300012|2|000001198|000000999|1|000000800|| 
TRX|874|2783201|004|3|000001797|01|20260826|ACC53517-F65F-41C4-8895-F91C9092F0CD|0|11874004241620260826|S|||S|| 
INV|472654900010|3|000001797|000000999|1|000001200|| 
TRX|816|2860601|044|2|000006098|01|20260826|47D2314C-1624-442D-AC19-9C9F6438D19F|0|11816044168520260826|S|||S|N| 
INV|472938000016|1|000004199|000005999|1|000001800|| 
INV|414698900007|1|000001899|000002199|2|000000300|| 
TRX|556|2580801|079|2|000002399|01|20260826|D8267CA1-6F61-4000-BD6B-D5A1A0898FA7|0|11556079814420260826|S|||S|N|556
INV|473047500015|1|000001000|000001000|1|0|| 
INV|458436100014|1|000001399|000001399|2|0|| 
TRX|625|2327301|196|6|000148410|02|20260826|F29C8E9A-0475-4F31-AACB-B3035E3D5702|0|11625196744920260826|S|||S|N|625
INV|438585800003|1|000140112|000169900|1|000029788|| 
INV|466583500014|1|000003999|000003999|2|0|| 
INV|466583700018|1|000003999|000003999|3|0|| 
INV|466587700014|3|000000300|000000100|4|0|| 
TRX|558|1501301|004|2|000052400|01|20260826|07B7CB36-C9AE-4E32-882C-B6DD661E2A80|0|11558004243220260826|S|||S|N|558
INV|472938000016|1|000018700|000025900|1|000007200|| 
INV|471458600010|1|000033700|000045000|2|000011300|| 
TRX|640|2234801|134|3|000164900|01|20260826|D8546F35-B9D3-49C0-8284-DA425FDC110A|0|11640134742620260826|S|||S|N|640
INV|473047500015|1|000156902|000169900|1|000012998|| 
INV|439806200008|1|000003999|000003999|2|0|| 
INV|466583700018|1|000003999|000003999|3|0|| 
TRX|827|2735701|108|1|000001199|01|20260826|A791154C-6677-418C-AC6D-A4976328A711|0|11827108546320260826|S|||S|| 
INV|438587700004|1|000001199|000001599|1|000000400|| 
TRX|527|2668901|031|1|000019700|01|20260826|1A7A82EE-5344-4F63-B887-6FDB9F1DB20C|0|11527031357120260826|S|||O|N|523
INV|471458600010|1|000019700|000042000|1|000022300|| 
TRX|547|2690301|002|1|000025700|02|20260826|59AA000A-1559-4601-8D56-F68BA37261D0|0|11547002082420260826|S|||S|N|547
INV|470894200013|1|000025700|000050000|1|000024300|| 
TRX|814|2737901|191|1|000002999|01|20260826|3090FDAD-8A04-4C23-8B64-CB01E4AA05EC|0|11814191667020260826|S|||S|N| 
INV|466583500014|1|000002999|000003999|1|000001000|| 
TRX|558|1501301|004|1|000000399|01|20260826|3A94F76D-36DB-4DB4-A419-B18041021B84|0|11558004243320260826|S|||S|N| 
INV|468304900011|1|000000399|000000399|1|0|| 
TRX|512|2692401|038|2|000046600|01|20260826|151E7265-7686-4722-A6E4-1393D3F6E144|0|11512038809420260826|S|||S|N|512
INV|473047500015|1|000008900|000010900|1|000002000|| 
INV|472643300012|1|000037700|000052000|2|000014300|| 
TRX|821|2608201|117|1|000001299|01|20260826|3CBF0515-BA79-4DDC-9B1B-28629A4967B3|0|11821117399620260826|S|||S|J|821
INV|470525100019|1|000001299|000002199|1|000000900|| 
TRX|511|1006401|006|1|000049900|01|20260826|1151100600028075|0|11511006939820260826|R|11511006881320260821|511|S|N| 
INV|433950300003|1|000049900|000071900|1|000022000|| 
TRX|874|2783201|004|1|000001499|01|20260826|7654D4E4-5B18-4701-9402-5FDC9193F8DC|0|11874004241520260826|S|||S|| 
INV|472643300012|1|000001499|000002499|1|000001000|| 
TRX|527|2668901|031|2|000037600|01|20260826|A0F95B59-6255-4BD4-9EA2-E1C9D3E947C7|0|11527031357220260826|S|||O|N|523
INV|472654900010|1|000014900|000035000|1|000020100|| 
INV|472643300012|1|000022700|000048000|2|000025300|| 
TRX|531|1027901|089|2|000019221|02|20260826|B40AD73A-2157-4E4B-AFCC-7181B739F32F|0|11531089260420260826|S|||S|N|531
INV|472938000016|1|000014900|000019900|1|000005000|| 
INV|472938100013|1|000004321|000004321|2|0|| 
TRX|640|2234801|134|2|000019668|02|20260826|4F018A60-98CA-45CD-B51A-CE2BEF0FDA7E|0|11640134742420260826|S|||S|N|640
INV|438586400004|1|000014900|000019900|1|000005000|| 
INV|456995700010|1|000004768|000004768|2|0|| 
TRX|671|2740001|163|1|000068900|02|20260826|E8BD2992-7192-48BA-AD91-F69FC9AAC6C9|0|11671163320720260826|S|||S|N|671
INV|466611100018|1|000068900|000089900|1|000021000|| 
TRX|678|2863701|164|1|000019900|01|20260826|42EAAB4B-636A-4C21-B53A-3F6DAB7045A8|0|11678164242220260826|S|||S|N|678
INV|471458600010|1|000019900|000022900|1|000003000|| 
TRX|635|2867601|158|1|000021700|02|20260826|BB989720-A0B7-4613-8CC6-CFBDC945772D|0|11635158015720260826|S|||S|N|635
INV|471458600010|1|000021700|000040000|1|000018300|| 
TRX|523|2575801|026|1|000024700|01|20260826|2E5C59A9-028D-47F5-B6F5-A986BD2B1B7B|0|11523026452620260826|S|||O|N|523
INV|470528700018|1|000024700|000050000|1|000025300|| 
TRX|874|2120601|004|1|000005999|01|20260826|C15B06D1-B297-4D99-97F5-610A93C9E18B|0|11874004241720260826|S|||S|| 
INV|472940000011|1|000005999|000007999|1|000002000|| 
TRX|841|2373301|119|1|000011599|01|20260826|5BDBDA87-21B7-4DE1-AB7A-A5B8879C419E|0|11841119426520260826|S|||S|N|841
INV|461668800010|1|000011599|000017900|1|000006301|| 
TRX|816|2863601|044|1|000003299|01|20260826|705AFB87-1241-4F9A-8834-07913F729834|0|11816044168320260826|S|||S|| 
INV|468304100015|1|000003299|000004499|1|000001200|| 
TRX|655|2792901|142|4|000039700|02|20260826|D7422A76-9226-4089-945E-6603CFAF3E14|0|11655142968220260826|S|||S|N|655
INV|415153200007|1|000039400|000064900|1|000025500|| 
INV|470014700010|3|000000300|000000100|2|0|| 
TRX|640|2234801|134|1|000024900|01|20260826|97178425-6270-4352-BD32-DDD7CD407466|0|11640134742320260826|S|||S|N|640
INV|469988600013|1|000024900|000029900|1|000005000|| 
TRX|623|2281501|144|2|000045199|02|20260826|C5D222AE-933C-4A93-A230-1229BB912FC3|0|11623144456520260826|S|||S|J|623
INV|438587700004|1|000042900|000053900|1|000011000|| 
INV|468304300019|1|000002299|000003100|2|000000801|| 
TRX|425|2815801|198|3|000030025|02|20260826|1D66F81A-E67A-4F8E-98CF-CFD1F93079E6|0|11425198241920260826|S|||S|N|425
INV|472938100013|1|000010125|000013500|1|000003375|| 
INV|456995700010|2|000019900|000016450|2|000013000|| 
TRX|636|1174001|130|5|000058915|02|20260826|4B38D85C-D99C-45B9-96FB-43A9DCDDC5FC|0|11636130016820260826|S|||S|N|636
INV|470689300010|3|000000300|000000100|1|0|| 
INV|470074000013|1|000043600|000045900|2|000002300|| 
INV|426642400006|1|000015015|000015015|3|0|| 
TRX|551|1016401|078|1|000000599|01|20260826|A4C4849C-3BA0-4426-BFC4-80D23A759559|0|11551078383320260826|S|||S|| 
INV|472643000011|1|000000599|000000599|1|0|| 
TRX|525|2861101|195|2|000057800|01|20260826|6025B263-09D4-4053-A07F-226EDF117977|0|11525195482020260826|S|||S|N|525
INV|472643300012|1|000039900|000052900|1|000013000|| 
INV|456995700010|1|000017900|000037900|2|000020000|| 
TRX|671|2740001|163|1|000003999|01|20260826|7C7A2CA8-DECE-4428-9AA0-F7F0DC44F188|0|11671163321020260826|S|||S|N|671
INV|472940000011|1|000003999|000003999|1|0|| 
TRX|534|2557901|077|1|000001699|01|20260826|EB498841-A3C3-420E-A1FC-916C776D0BE4|0|11534077461520260826|S|||S|N|534
INV|472938100013|1|000001699|000001799|1|000000100|| 
TRX|554|2792401|048|2|000046400|02|20260826|601B1727-B129-46DE-9C37-2F399AE5FF01|0|11554048210320260826|S|||S|N|554
INV|472643300012|1|000029700|000055000|1|000025300|| 
INV|456995700010|1|000016700|000035000|2|000018300|| 
TRX|821|2608201|117|1|000004300|01|20260826|91417C73-2309-47CD-826A-674CD52F93D5|0|11821117399720260826|S|||S|N|821
INV|466583100016|1|000004300|000005400|1|000001100|| 
TRX|861|2350001|120|1|000000795|01|20260826|3A105660-5275-4B7C-88A5-D842E7237539|0|11861120941720260826|S|||S|| 
INV|466583500014|1|000000795|000001999|1|000001204|| 
TRX|679|2723201|138|1|000045900|02|20260826|745D3B21-E880-4CE7-BF31-9A5A686AC3EB|0|11679138885820260826|S|||S|N|679
INV|472938200010|1|000045900|000045900|1|0|| 
TRX|527|2668901|031|1|000023700|01|20260826|53E5052D-9E7B-4BC7-8582-1B424DB2A330|0|11527031357320260826|S|||O|N|523
INV|470240000014|1|000023700|000030000|1|000006300|| 
TRX|851|2773101|109|2|000002356|01|20260826|74708088-8842-4639-A8CF-4A001D09A971|0|11851109993620260826|S|||S|N| 
INV|472654900010|1|000001900|000002900|1|000001000|| 
INV|472643300012|1|000000456|000000456|2|0|| 
TRX|814|2737901|191|2|000002356|01|20260826|FAF8326F-B80F-44F2-9B66-D7B0C2DE4271|0|11814191667520260826|S|||S|N| 
INV|414701300008|1|000001900|000002900|1|000001000|| 
INV|438587700004|1|000000456|000000456|2|0|| 
TRX|525|2480001|195|2|000055800|01|20260826|1152519500009016|0|11525195481920260826|R|11525195140220260802|525|S|N| 
INV|438585800003|1|000015900|000018900|1|000003000|| 
INV|470376000018|1|000039900|000052900|2|000013000|| 
TRX|632|2817401|153|1|000003199|01|20260826|E68AB054-01F9-4A95-BCAA-61EFFAE937F7|0|11632153652420260826|S|||S|N|632
INV|469988600013|1|000003199|000004499|1|000001300|| 
TRX|874|2783201|004|2|000005199|01|20260826|24882A09-9E07-458C-9F47-E90F81050E13|0|11874004241820260826|S|||S|| 
INV|473041100013|1|000004500|000004500|1|0|| 
INV|470528700018|1|000000699|000000999|2|000000300|| 
TRX|655|2792901|142|1|000002900|01|20260826|133C13E3-CDBB-4D5D-B21F-DB328015C587|0|11655142968620260826|S|||S|N|655
INV|466587600017|1|000002900|000004500|1|000001600|| 
TRX|827|2255901|108|1|000004290|01|20260826|C602E09E-54A2-489C-8FEF-B1855CF1B2BA|0|11827108546220260826|S|||S|| 
INV|480227200009|1|000004290|000004290|1|0|| 
TRX|677|1410801|026|3|000000297|01|20260826|4F0BEAC2-5312-4785-84DF-F18704528DE5|0|11677026377920260826|S|||S|N|677
INV|456995700010|3|000000297|000000100|1|000000003|| 
TRX|576|2814201|088|2|000097900|01|20260826|B8462158-26EC-4ACD-A564-1A840E175E2B|0|11576088177220260826|S|||S|N|576
INV|456995700010|1|000093901|000104900|1|000010999|| 
INV|473116200013|1|000003999|000003999|2|0|| 
TRX|632|2817401|153|1|000039900|01|20260826|5E90362C-87AC-4B3E-96F0-844A37A23519|0|11632153652220260826|S|||S|N|632
INV|466583100016|1|000039900|000052900|1|000013000|| 
TRX|578|2186801|007|1|000015105|01|20260826|1512CFDE-7B3B-44DC-8B81-064C23C4D64E|0|11578007552920260826|S|||S|N|578
INV|461668600016|1|000015105|000018900|1|000003795|| 
TRX|571|1045401|075|1|000060930|02|20260826|24E97370-1E7E-4570-B6AB-CE238C1CF99F|0|11571075289920260826|S|||S|N|571
INV|438587700004|1|000060930|000095000|1|000034070|| 
TRX|821|2608201|117|1|000001399|01|20260826|07FC20DA-9C33-461D-BCA5-84E12FEB3C51|0|11821117399920260826|S|||S|| 
INV|466610900015|1|000001399|000001999|1|000000600|| 
TRX|527|2668901|031|1|000019900|01|20260826|AEF29AB2-A6C6-4E94-B901-7CF49427F726|0|11527031357520260826|S|||S|N|527
INV|442743100003|1|000019900|000026900|1|000007000|| 
TRX|534|2557901|077|1|000173900|02|20260826|1153407700010876|0|11534077461620260826|R|11534077410120260821|534|S|N| 
INV|472940000011|1|000173900|000175900|1|000002000|| 
TRX|821|2608201|117|1|000000699|01|20260826|65D264DA-8B58-45E1-9DE0-8920F3CE08F0|0|11821117398920260826|S|||S|| 
INV|470693500017|1|000000699|000001099|1|000000400|| 
TRX|527|2668901|031|2|000055400|01|20260826|F6B84BFD-7D13-4AE5-B37D-A9AD55942754|0|11527031357020260826|S|||O|N|523
INV|472938200010|1|000037700|000064900|1|000027200|| 
INV|472643300012|1|000017700|000042000|2|000024300|| 
TRX|532|2155601|011|1|000023900|01|20260826|D68485BC-37AE-4008-B343-6377A0872960|0|11532011800620260826|S|||O|N|523
INV|461668700013|1|000023900|000032700|1|000008800|| 
TRX|532|2155601|011|1|000096900|01|20260826|E0967405-3C62-4457-918A-FF18CEB5832B|0|11532011800420260826|S|||O|N|523
INV|414701300008|1|000096900|000149900|1|000053000|| 
TRX|532|2155601|011|1|000039900|01|20260826|1E0A42D5-E05E-4B58-8FB3-28E06F9F2317|0|11532011800720260826|S|||S|N|532
INV|414701300008|1|000039900|000047900|1|000008000|| 
TRX|573|2872401|034|1|000016700|01|20260826|245989DA-B8F3-4206-84A3-1362572EB807|0|11573034030120260826|S|||O|N|523
INV|470525100019|1|000016700|000035000|1|000018300|| 
TRX|531|1027901|089|1|000019500|01|20260826|0E222C23-73BB-49E8-A70B-DCBF5BABAE8E|0|11531089260020260826|S|||S|N|531
INV|473047500015|1|000019500|000022900|1|000003400|| 
TRX|821|2619801|117|2|000001608|01|20260826|5083896D-5B52-473D-8D68-53768C21BA0C|0|11821117399220260826|S|||S|N|821
INV|472940000011|1|000001399|000001999|1|000000600|| 
INV|472938100013|1|000000209|000000209|2|0|| 
TRX|825|2563201|199|1|000000749|01|20260826|F5D64AC9-4E13-4565-966C-5CA36B1FE22A|0|11825199330820260826|S|||S|| 
INV|469989900013|1|000000749|000000999|1|000000250|| 
TRX|635|2867601|158|1|000025900|01|20260826|6E76BFC0-2BB5-4A94-83EE-EB2F3ADA3ACF|0|11635158014920260826|S|||S|N|635
INV|416097900008|1|000025900|000034900|1|000009000|| 
TRX|651|2348701|160|3|000000003|01|20260826|610A4F7B-517A-427E-9E85-A48B98B77B36|0|11651160966720260826|S|||S|N|651
INV|414698100001|1|000000001|000000100|1|000000099|| 
INV|414701300008|1|000000001|000000100|2|000000099|| 
INV|473047500015|1|000000001|000000100|3|000000099|| 
TRX|814|2470601|191|1|000019900|01|20260826|E2D55362-52A3-49BB-8E25-F72085427155|0|11814191667220260826|S|||S|N| 
INV|472940000011|1|000019900|000024900|1|000005000|| 
TRX|523|2575801|026|1|000024700|01|20260826|54E49857-FBA0-43BF-8C74-AA9BA3D246DA|0|11523026452420260826|S|||O|N|523
INV|471111700019|1|000024700|000050000|1|000025300|| 
TRX|523|2575801|026|1|000014700|01|20260826|919FA188-9A88-4076-B609-FC3DC54A0D8F|0|11523026452320260826|S|||O|N|523
INV|414698100001|1|000014700|000018900|1|000004200|| 
TRX|679|2723201|138|1|000045900|02|20260826|82BB763D-A5DA-494D-8A37-2400B49254F8|0|11679138885920260826|S|||S|N|679
INV|438586400004|1|000045900|000045900|1|0|| 
TRX|821|2619801|117|1|000000599|01|20260826|757C42FA-F2AC-4E7B-BB0A-62C43E321F7F|0|11821117399120260826|S|||S|N| 
INV|414698900007|1|000000599|000000999|1|000000400|| 
TRX|671|2740001|163|2|000023900|02|20260826|6266C98D-878C-4BFB-9303-592E15894923|0|11671163320820260826|S|||S|N|671
INV|438589900006|1|000023898|000032700|1|000008802|| 
INV|438587700004|1|000000002|000000002|2|0|| 
TRX|657|2823001|128|1|000020900|01|20260826|AC72F8C4-551F-42EB-B274-3DF0A020B2D5|0|11657128923320260826|S|||S|N|657
INV|470689300010|1|000020900|000026900|1|000006000|| 
TRX|911|2554301|028|1|000001080|01|20260826|48D338A1-199A-420A-8D06-9F88D499CEC5|0|11911028437420260826|S|||S|J|911
INV|469989900013|1|000001080|000001080|1|0|| 
TRX|872|2682001|001|2|000000817|01|20260826|63595EB6-DB22-44AD-A8EE-2FA0FE621575|0|11872001741320260826|S|||S|N| 
INV|471458600010|1|000000699|000001199|1|000000500|| 
INV|472643100018|1|000000118|000000118|2|0|| 
TRX|872|2682001|001|1|000024900|01|20260826|003540FD-DEBC-4FAD-B4BB-2D91A313C462|0|11872001741420260826|S|||O|N|823
INV|438589900006|1|000024900|000038900|1|000014000|| 
TRX|512|2692401|038|1|000002599|01|20260826|A32D35FB-FE2F-4551-8258-812CE0603766|0|11512038808320260826|S|||S|| 
INV|438585800003|1|000002599|000002999|1|000000400|| 
TRX|623|2653501|144|1|000002099|01|20260826|9B5DC09A-D704-488B-A1C7-D81C0B8D4CC6|0|11623144456420260826|S|||S|N|623
INV|468304600010|1|000002099|000002099|1|0|| 
TRX|577|2699701|087|1|000014900|01|20260826|743DBBB0-1387-4F53-85AF-BED9F4616100|0|11577087229020260826|S|||O|N|523
INV|438585100004|1|000014900|000035000|1|000020100|| 
TRX|821|2608201|117|1|000000649|01|20260826|579390A3-7FD3-4D92-8600-E7C83F0F2535|0|11821117399320260826|S|||S|| 
INV|470528700018|1|000000649|000000899|1|000000250|| 
TRX|677|1410801|026|1|000000999|01|20260826|94C4B394-7849-470D-A6D0-267FF2B3988F|0|11677026377320260826|S|||S|N|677
INV|472915800011|1|000000999|000001200|1|000000201|| 
TRX|549|2822701|175|1|000006900|01|20260826|4249E3BA-0C8B-43F1-BA53-88E1151EEC5C|0|11549175931220260826|S|||S|N|549
INV|472643300012|1|000006900|000007900|1|000001000|| 
TRX|911|2554301|028|2|000007500|01|20260826|B94524B1-BB8C-4F27-98AA-70CCABA80FC9|0|11911028437520260826|S|||S|N|911
INV|472938100013|1|000006801|000007999|1|000001198|| 
INV|472938100013|1|000000699|000000699|2|0|| 
TRX|611|1606401|131|3|000000003|01|20260826|9CD25130-7F08-488A-B513-7CA6C9702351|0|11611131702120260826|S|||S|N|611
INV|470525100019|3|000000003|000000100|1|000000297|| 
TRX|821|2619801|117|1|000002899|01|20260826|294E55E3-68DE-49FD-AAC2-A965E64A2C31|0|11821117399420260826|S|||S|N|821
INV|472654900010|1|000002899|000003999|1|000001100|| 
TRX|523|2575801|026|1|000024700|01|20260826|2D646C6D-A88A-41D0-BB8E-59A2FD718EBE|0|11523026452520260826|S|||O|N|523
INV|472643100018|1|000024700|000050000|1|000025300|| 
TRX|821|2608201|117|1|000001499|01|20260826|D240E189-5658-44F7-B9E9-AEED86C65A85|0|11821117399020260826|S|||S|N| 
INV|470667600019|1|000001499|000001999|1|000000500|| 
TRX|825|2563201|199|1|000001700|01|20260826|35F18C6F-8C7C-4632-B619-A34B2050D577|0|11825199330720260826|S|||S|| 
INV|466583800015|1|000001700|000001700|1|0|| 
TRX|673|2421801|133|1|000021900|02|20260826|34BEBF77-B381-4898-9FAD-8949E83ACCFC|0|11673133341020260826|S|||S|N|673
INV|414701300008|1|000021900|000029900|1|000008000|| 
TRX|814|2470601|191|2|000000848|01|20260826|6FFF2407-78EF-4926-AB9A-428E4C6544ED|0|11814191667420260826|S|||S|| 
INV|472643300012|1|000000249|000000349|1|000000100|| 
INV|470826200012|1|000000599|000000899|2|000000300|| 
TRX|512|2692401|038|2|000045804|01|20260826|129725EA-D1C1-4A18-B5C7-DF33C91895BA|0|11512038808620260826|S|||S|N|512
INV|475322200009|1|000034700|000034700|1|0|| 
INV|466587800011|1|000011104|000011104|2|0|| 
TRX|821|2619801|117|3|000002947|01|20260826|E0EF7BA8-4003-421C-AC78-B49F6B392B7C|0|11821117399820260826|S|||S|N| 
INV|466583700018|1|000000249|000000349|1|000000100|| 
INV|438587700004|1|000001299|000002199|2|000000900|| 
INV|470074000013|1|000001399|000002299|3|000000900|| 
TRX|638|1595901|149|3|000000300|01|20260826|6E8979C9-D67D-4D58-A5FE-382ECC377274|0|11638149116520260826|S|||S|N|638
INV|471458600010|3|000000300|000000100|1|0|| 
TRX|635|2867601|158|1|000003399|01|20260826|DD5F7F4C-3063-4087-BA97-90D2B2BBC1D0|0|11635158015620260826|S|||S|N| 
INV|470376000018|1|000003399|000003999|1|000000600|| 
