HDR|08|11|00001
TRX|544|2108101|005|6|000201870|02|20260826|33CBC54F-D28D-42FD-8FCD-09B22E74A7B4|0|11544005300920260826|S|||S|N|544
INV|468304600010|1|000125908|000249000|1|000123092|| 
INV|472951300018|1|000000002|000000002|2|0|| 
INV|416098400002|1|000051208|000100000|3|000048792|| 
INV|414701300008|1|000000002|000000002|4|0|| 
INV|456995700010|1|000024748|000036500|5|000011752|| 
INV|472938000016|1|000000002|000000002|6|0|| 
TRX|527|2668901|031|4|000109416|01|20260826|51B2D468-669C-4562-8F2A-A0A266AD0021|0|11527031358520260826|S|||S|N|527
INV|438593100003|1|000037700|000053000|1|000015300|| 
INV|438587700004|1|000051900|000065900|2|000014000|| 
INV|438587700004|1|000014117|000016608|3|000002491|| 
INV|439806200008|1|000005699|000006299|4|000000600|| 
TRX|685|2736401|003|7|000121707|02|20260826|E3C23D2F-8DCD-4318-A7D2-F4C7C04E608E|0|11685003172820260826|S|||S|N|685
INV|438587700004|1|000052600|000069900|1|000017300|| 
INV|458436100014|1|000015341|000015341|2|0|| 
INV|431129700005|1|000039900|000047900|3|000008000|| 
INV|414698100001|1|000013566|000013566|4|0|| 
INV|438587700004|3|000000300|000000100|5|0|| 
TRX|638|1595901|149|6|000101665|02|20260826|7A9F109E-A23A-475B-A9A2-44FF62A8E420|0|11638149118220260826|S|||S|N|638
INV|456995700010|1|000045900|000059900|1|000014000|| 
INV|439806200008|1|000016065|000016065|2|0|| 
INV|466587800011|1|000039400|000064900|3|000025500|| 
INV|438590100006|3|000000300|000000100|4|0|| 
TRX|527|2668901|031|4|000093416|01|20260826|1152703100007577|0|11527031358420260826|R|11527031335420260823|527|S|N| 
INV|466583500014|1|000051900|000065900|1|000014000|| 
INV|470240000014|1|000014117|000016608|2|000002491|| 
INV|470689300010|1|000005699|000006299|3|000000600|| 
INV|438586400004|1|000021700|000030000|4|000008300|| 
TRX|682|2819501|183|1|000017900|01|20260826|2D4B8AAB-476B-4B32-8FD6-3DCE8B2A1C75|0|11682183926820260826|S|||S|N|682
INV|414698100001|1|000017900|000019900|1|000002000|| 
TRX|828|2547801|116|2|000000498|01|20260826|C27A0DB2-947C-4B3E-A50C-4C88A7828451|0|11828116272920260826|S|||S|| 
INV|472643300012|2|000000498|000000349|1|000000200|| 
TRX|830|2284301|106|1|000015500|01|20260826|9D521A81-1F6F-4348-AAC4-82B57D66E11C|0|11830106858120260826|S|||S|J| 
INV|471458600010|1|000015500|000020900|1|000005400|| 
TRX|828|2547801|116|1|000001649|01|20260826|BF8E94CF-A9C7-4D79-BF3A-FD0C513BE3A7|0|11828116273120260826|S|||S|| 
INV|473047500015|1|000001649|000001649|1|0|| 
TRX|816|2860601|044|1|000000699|01|20260826|786BEE3C-6175-41AC-B203-0DE3779DEFD6|0|11816044169120260826|S|||S|| 
INV|472654900010|1|000000699|000001099|1|000000400|| 
TRX|576|2814201|088|3|000101790|02|20260826|1D89A874-6C2F-4F72-9948-45876FC260CD|0|11576088177920260826|S|||S|N|576
INV|466583800015|3|000101790|000064900|1|000092910|| 
TRX|637|2331201|165|4|000316900|02|20260826|4AC406F9-8BBA-436A-8B2C-6D5CF25F0B18|0|11637165873220260826|S|||S|N|637
INV|466583800015|1|000316600|000316900|1|000000300|| 
INV|466587800011|3|000000300|000000100|2|0|| 
TRX|535|2576101|081|1|000001799|01|20260826|C2607D75-0971-450F-B901-FBD8FF444991|0|11535081054320260826|S|||S|| 
INV|438586400004|1|000001799|000001799|1|0|| 
TRX|545|1076101|019|1|000034900|01|20260826|40D21891-EE67-40E5-AEF1-8A4065469292|0|11545019508920260826|S|||S|N|545
INV|438585800003|1|000034900|000043900|1|000009000|| 
TRX|819|2549301|137|1|000001999|01|20260826|DE60F247-293B-4DEF-AA3B-B9FFB2CADAD2|0|11819137677520260826|S|||S|N|819
INV|458436100014|1|000001999|000002999|1|000001000|| 
TRX|828|2404801|116|2|000004298|01|20260826|94D86966-904E-4914-828E-739E567BFE52|0|11828116273320260826|S|||S|| 
INV|466583500014|1|000003499|000004999|1|000001500|| 
INV|414698100001|1|000000799|000001299|2|000000500|| 
TRX|912|2485701|002|1|000001937|01|20260825|647CAC29-70CB-4934-9478-CE2FA9BD221D|0|11912002135720260825|S|||S|N|912
INV|472643300012|1|000001937|000001937|1|0|| 
TRX|512|2692401|038|1|000048500|01|20260826|7E339F67-DABC-422B-A016-345BDBB74B17|0|11512038810420260826|S|||S|N|512
INV|470894300010|1|000048500|000059900|1|000011400|| 
TRX|874|2783201|004|1|000000399|01|20260826|2D4073B3-707C-4D55-B638-4C085AA737FA|0|11874004242020260826|S|||S|| 
INV|472940000011|1|000000399|000000799|1|000000400|| 
TRX|638|1595901|149|1|000013900|02|20260826|1AE58E35-336A-495E-9009-55A872D8E44F|0|11638149117820260826|S|||S|N|638
INV|438586400004|1|000013900|000014900|1|000001000|| 
TRX|851|2773101|109|2|000095899|01|20260826|15486B36-5659-4A8B-A6D9-B5D10391B912|0|11851109994220260826|S|||S|N| 
INV|468304400016|1|000008999|000009499|1|000000500|| 
INV|414701300008|1|000086900|000089900|2|000003000|| 
TRX|514|1350001|072|1|000025000|01|20260826|2FB39072-581E-4C6F-98BE-90282124E074|0|11514072106620260826|S|||S|N|514
INV|466587600017|1|000025000|000050000|1|000025000|| 
TRX|625|2255601|196|1|000002599|01|20260826|47BCDA38-7D78-4827-B48A-FFD093CD1B96|0|11625196745920260826|S|||S|N|625
INV|466587800011|1|000002599|000002999|1|000000400|| 
TRX|513|2542401|015|1|000001399|01|20260826|7987E54B-8E67-4040-876F-5C40D125466B|0|11513015701220260826|S|||S|N|513
INV|470894200013|1|000001399|000001799|1|000000400|| 
TRX|557|2736201|010|1|000030700|02|20260826|4D3A4C60-B25F-4715-BAE3-A462013AB125|0|11557010663420260826|S|||S|N|557
INV|471111700019|1|000030700|000042900|1|000012200|| 
TRX|851|2345601|109|3|000067508|01|20260826|96838DF1-5773-40FE-93DB-1285E653CE33|0|11851109993720260826|S|||S|N|851
INV|472938100013|1|000001399|000002199|1|000000800|| 
INV|466610800018|1|000000209|000000209|2|0|| 
INV|466610800018|1|000065900|000069900|3|000004000|| 
TRX|831|2406901|114|1|000011199|01|20260826|189A38F0-F218-4C9C-A2E1-B3BA08E03551|0|11831114499720260826|S|||O|N|823
INV|438590100006|1|000011199|000021999|1|000010800|| 
TRX|516|2356801|086|1|000004599|01|20260826|5DD1C98C-442D-4042-B7DC-114EBF396D42|0|11516086824920260826|S|||S|N|516
INV|473047500015|1|000004599|000005000|1|000000401|| 
TRX|652|2822001|155|1|000005299|01|20260826|17B9B010-07A0-4E26-99E8-A62C98A2720C|0|11652155427920260826|S|||S|N|652
INV|472643100018|1|000005299|000006900|1|000001601|| 
TRX|638|1595901|149|1|000020700|01|20260826|0C43C8B9-E612-47FA-9597-8BF02DCF72E8|0|11638149119620260826|S|||S|N|638
INV|470693500017|1|000020700|000025000|1|000004300|| 
TRX|574|2750701|005|1|000013900|01|20260826|812B265C-CC18-4557-BCAB-5F8BC000CDC9|0|11574005967820260826|S|||S|N|574
INV|466587800011|1|000013900|000014900|1|000001000|| 
TRX|525|2861101|195|1|000035900|01|20260826|C9463A76-21A0-4CEE-A8D3-30B0DFF78E1B|0|11525195483520260826|S|||S|N|525
INV|471458600010|1|000035900|000049900|1|000014000|| 
TRX|618|2874601|148|1|000005292|01|20260826|32643DBA-017E-4FE7-9475-5E20170B36CC|0|11618148433420260826|S|||S|N|618
INV|470240000014|1|000005292|000007000|1|000001708|| 
TRX|825|2563201|199|1|000000399|01|20260826|6AC51A71-1A83-408F-ACB6-7FEC7F564102|0|11825199330920260826|S|||S|| 
INV|472643300012|1|000000399|000000899|1|000000500|| 
TRX|828|2547801|116|1|000000499|01|20260826|F817DF01-FDE4-4A11-9B6A-864B409C4A4C|0|11828116272720260826|S|||S|| 
INV|465937400017|1|000000499|000000999|1|000000500|| 
TRX|540|2430001|062|1|000039900|01|20260826|EF7ADF9F-5088-4974-BF1B-11653C51F26D|0|11540062299620260826|R|11540055010620260710|540|S|J| 
INV|471458600010|1|000039900|000049900|1|000010000|| 
TRX|651|2727701|160|1|000002899|01|20260826|E513E0AF-15F9-4118-BB19-784E0611FFED|0|11651160968820260826|S|||S|N|651
INV|471458600010|1|000002899|000003499|1|000000600|| 
TRX|578|2186801|007|1|000005299|01|20260826|58C70D29-F2F9-4D24-A536-26F0718C24DC|0|11578007553620260826|S|||S|N|578
INV|438585800003|1|000005299|000005899|1|000000600|| 
TRX|821|2608201|117|2|000001398|01|20260826|C596E88D-76CB-4EE7-AA23-EBFAEBCFDE5F|0|11821117400120260826|S|||S|| 
INV|414698900007|2|000001398|000001099|1|000000800|| 
TRX|661|2495501|007|4|000044900|02|20260826|26BBAF2D-C22A-4285-B66E-6713764C9418|0|11661007609520260826|S|||S|N|661
INV|458436100014|1|000044600|000053900|1|000009300|| 
INV|442743100003|3|000000300|000000100|2|0|| 
TRX|512|2692401|038|1|000000349|01|20260826|3C9B09E1-8515-4B71-B184-F0C9AD20669D|0|11512038811020260826|S|||S|| 
INV|473047500015|1|000000349|000000349|1|0|| 
TRX|851|2345601|109|1|000000899|01|20260826|945DF10B-FC1C-4938-BC80-DA8CD4ED4800|0|11851109993820260826|S|||S|| 
INV|433950300003|1|000000899|000001499|1|000000600|| 
TRX|618|2874601|148|1|000001699|01|20260826|44F178D1-C31B-4569-BB91-90FC53F9510A|0|11618148433320260826|S|||S|N|618
INV|473047500015|1|000001699|000001699|1|0|| 
TRX|852|2846301|181|1|000023900|01|20260826|F193B1E0-BC79-4F79-B922-2FBA45F9E20D|0|11852181465320260826|S|||O|N|823
INV|414698100001|1|000023900|000026900|1|000003000|| 
TRX|831|2406901|114|1|000001499|01|20260826|8F8B925E-F1B7-43D6-BE38-73A6859A1669|0|11831114499920260826|S|||S|N| 
INV|458436100014|1|000001499|000001999|1|000000500|| 
TRX|552|2302501|084|1|000023900|01|20260826|E8A4D773-DD1E-4761-AFAC-379F1F70B42C|0|11552084428920260826|S|||S|N|552
INV|468304100015|1|000023900|000029900|1|000006000|| 
TRX|664|2368101|045|1|000010900|02|20260826|521C464D-1B06-4218-8694-5A711761CD04|0|11664045101320260826|S|||S|N|664
INV|414701300008|1|000010900|000011900|1|000001000|| 
TRX|573|2872401|034|1|000014700|01|20260826|F898FB1A-1293-4FF6-AAAF-976E94A378EE|0|11573034030620260826|S|||S|N|573
INV|458436100014|1|000014700|000018900|1|000004200|| 
TRX|553|2602001|003|1|000008900|01|20260826|534298BD-AFD1-489F-B80B-599A88FE24DD|0|11553003939520260826|S|||S|N|553
INV|466587500010|1|000008900|000018000|1|000009100|| 
TRX|578|2186801|007|1|000040900|01|20260826|CB16600A-FA7B-43C3-9BA5-D80CEBE7B5C6|0|11578007553420260826|S|||S|N|578
INV|472938200010|1|000040900|000057900|1|000017000|| 
TRX|874|2120601|004|1|000004300|01|20260826|1187400400000393|0|11874004242220260826|R|11874004240320260825|874|S|| 
INV|470894200013|1|000004300|000004300|1|0|| 
TRX|534|2557901|077|1|000037700|01|20260826|D1B8653C-5F65-4859-8FF3-B898C4DE956F|0|11534077462220260826|S|||S|N|534
INV|414698100001|1|000037700|000059900|1|000022200|| 
TRX|814|2470601|191|1|000000899|01|20260826|63F917F8-4144-4503-8E2B-D056815AA339|0|11814191667920260826|S|||S|| 
INV|466583500014|1|000000899|000001199|1|000000300|| 
TRX|821|2608201|117|1|000000349|01|20260826|072B3311-D2C0-433D-8018-2C1280BAE3A6|0|11821117400020260826|S|||S|N|821
INV|426642400006|1|000000349|000000599|1|000000250|| 
TRX|872|2734501|001|1|000000999|01|20260826|917874FF-BC3D-448D-8D76-FC5678A33A20|0|11872001741920260826|S|||S|N| 
INV|470894200013|1|000000999|000000999|1|0|| 
TRX|687|2790001|005|1|000002200|01|20260826|E00825DA-9FBC-4860-8049-C275B63D644E|0|11687005627920260826|S|||S|N|687
INV|465790600012|1|000002200|000004900|1|000002700|| 
TRX|872|2682001|001|2|000004738|01|20260826|748D5C05-B08E-43F8-BE65-37C7263EE8EB|0|11872001742020260826|S|||S|N| 
INV|472938200010|1|000003999|000003999|1|0|| 
INV|471458600010|1|000000739|000000739|2|0|| 
TRX|815|2756201|125|1|000001199|01|20260826|E966B702-A381-4D85-AF71-9A1BB2F3E02E|0|11815125551320260826|S|||S|N| 
INV|472643300012|1|000001199|000001499|1|000000300|| 
TRX|851|2345601|109|2|000001608|01|20260826|A630C096-A353-4D22-BA24-9FA0670D1E60|0|11851109994020260826|S|||S|N| 
INV|471458600010|1|000001399|000002199|1|000000800|| 
INV|468304600010|1|000000209|000000209|2|0|| 
TRX|832|2513801|110|1|000002999|01|20260826|D7848850-1211-478D-B3B0-63F7EA68C7E9|0|11832110213220260826|S|||S|| 
INV|472643300012|1|000002999|000004999|1|000002000|| 
TRX|613|1142801|140|1|000018900|01|20260826|7F0919CB-31AB-4AFD-9A5B-C5CF8DEB532C|0|11613140361620260826|S|||S|N|613
INV|472643300012|1|000018900|000023900|1|000005000|| 
TRX|828|2547801|116|1|000000499|01|20260826|AEABF722-F335-4176-8E19-16ED87FC47DA|0|11828116273020260826|S|||S|| 
INV|470689300010|1|000000499|000000799|1|000000300|| 
TRX|657|2823001|128|1|000033900|01|20260826|F1532CFC-0F4D-403E-8A63-71B62F2ABD2A|0|11657128925820260826|S|||S|N|657
INV|470376000018|1|000033900|000039900|1|000006000|| 
TRX|512|2692401|038|1|000005499|01|20260826|086A19BE-D0D8-4CE8-A04E-758AC0548E70|0|11512038811120260826|S|||S|| 
INV|470376000018|1|000005499|000005499|1|0|| 
TRX|555|2824001|032|1|000019700|01|20260826|E855DCAC-5A89-4D4A-9CF4-5A16B17E56ED|0|11555032169220260826|S|||O|N|523
INV|472940000011|1|000019700|000042000|1|000022300|| 
TRX|835|2797801|017|2|000000838|01|20260826|0F80DDA3-678A-4F99-8C91-FDCEE175B255|0|11835017183120260826|S|||S|N| 
INV|414698900007|1|000000699|000001199|1|000000500|| 
INV|461668700013|1|000000139|000000139|2|0|| 
TRX|685|2736401|003|2|000049077|01|20260826|E4755719-34E1-42F4-9643-B909834BBD0B|0|11685003172620260826|S|||S|N|685
INV|466583500014|1|000036900|000052900|1|000016000|| 
INV|456995700010|1|000012177|000012177|2|0|| 
TRX|861|2350001|120|1|000005999|01|20260826|7A0152F5-92E3-4C49-9B0C-99C5B0B6632C|0|11861120941820260826|S|||S|| 
INV|458436100014|1|000005999|000007999|1|000002000|| 
TRX|655|2792901|142|1|000007299|01|20260826|F3D31050-D1CE-403D-81A5-E59CD4445467|0|11655142968820260826|S|||S|J|655
INV|456995700010|1|000007299|000007699|1|000000400|| 
TRX|513|2542401|015|2|000067357|01|20260826|768343D2-51F9-43BC-A3B1-5EDCC4097B5D|0|11513015701620260826|S|||S|N|513
INV|472643300012|1|000049900|000062900|1|000013000|| 
INV|472643300012|1|000017457|000017457|2|0|| 
TRX|831|2852101|114|2|000000998|01|20260826|4122B939-98B4-4C65-AC4C-01DF37D9587E|0|11831114500120260826|S|||S|| 
INV|472643300012|1|000000699|000001199|1|000000500|| 
INV|472643300012|1|000000299|000000399|2|000000100|| 
TRX|911|2554301|028|2|000017000|01|20260826|3246B710-5F15-46A7-A19B-6DF73F15A3C9|0|11911028437620260826|S|||S|N|911
INV|470894200013|1|000008500|000008500|1|0|| 
INV|472643100018|1|000008500|000008500|2|0|| 
TRX|545|1076101|019|1|000034900|01|20260826|1154501900003840|0|11545019508820260826|R|11545019480520260821|545|S|N| 
INV|472940000011|1|000034900|000043900|1|000009000|| 
TRX|626|2231801|122|5|000156285|02|20260826|2C8F98FE-5E3A-47F4-8F68-81B17AA51CFA|0|11626122443720260826|S|||S|N|626
INV|438585100004|1|000135600|000147900|1|000012300|| 
INV|438586400004|1|000020385|000020385|2|0|| 
INV|466583500014|3|000000300|000000100|3|0|| 
TRX|527|2668901|031|1|000021700|01|20260826|651DD090-3515-413D-BD3B-0DF8C10D3629|0|11527031358320260826|S|||O|N|523
INV|471458600010|1|000021700|000028900|1|000007200|| 
TRX|528|2742501|070|1|000045900|01|20260826|1152807000009985|0|11528070730520260826|R|11528070672820260822|528|S|N| 
INV|438587700004|1|000045900|000052900|1|000007000|| 
TRX|578|2186801|007|1|000081700|01|20260826|6C1CDE32-8E59-40A6-8CC2-EEFB694280E0|0|11578007553520260826|S|||S|N|578
INV|472940000011|1|000081700|000110000|1|000028300|| 
TRX|534|2557901|077|1|000181900|01|20260826|5BF17843-6451-4553-B39A-AF33361B79AD|0|11534077462620260826|S|||O|N|523
INV|438586100003|1|000181900|000181900|1|0|| 
TRX|816|2863601|044|1|000000899|01|20260826|16D24121-A6B8-4B29-AEB1-892FAE4E9513|0|11816044168820260826|S|||S|| 
INV|471458600010|1|000000899|000001199|1|000000300|| 
TRX|852|2846301|181|2|000000583|01|20260826|293804F8-D588-4B9F-8F44-DFD69C33C76D|0|11852181465220260826|S|||S|N|852
INV|472938100013|1|000000499|000000799|1|000000300|| 
INV|471458600010|1|000000084|000000084|2|0|| 
TRX|553|2602001|003|3|000114885|01|20260826|E63045E9-5EBB-4528-B57C-05810F43754C|0|11553003940120260826|S|||S|N|553
INV|468303100016|1|000095901|000144900|1|000048999|| 
INV|458436100014|1|000014985|000014985|2|0|| 
INV|414701300008|1|000003999|000003999|3|0|| 
TRX|623|2653501|144|1|000067900|02|20260826|6D2F5B74-F04B-405B-9CA9-DBF18B84A9FD|0|11623144457720260826|S|||S|N|623
INV|466583500014|1|000067900|000080900|1|000013000|| 
TRX|413|2808301|042|1|000000350|01|20260826|3E604CB1-D208-4D6C-89C9-595D85FC5425|0|11413042428320260826|S|||S|N| 
INV|414701300008|1|000000350|000000350|1|0|| 
TRX|826|2613201|178|1|000003999|01|20260826|59F3BEF5-45A7-4498-B617-47598B4EDB6A|0|11826178213320260826|S|||S|| 
INV|472940000011|1|000003999|000005999|1|000002000|| 
TRX|638|1595901|149|1|000027700|01|20260826|6DB44A72-B881-48D9-B3C2-673BA42FDD54|0|11638149118720260826|S|||S|N|638
INV|414698100001|1|000027700|000034000|1|000006300|| 
TRX|679|2141401|138|2|000006898|01|20260826|DC391812-7313-4569-AE58-99FC81009318|0|11679138886720260826|S|||S|N|679
INV|456995700010|1|000005699|000006299|1|000000600|| 
INV|471458600010|1|000001199|000001500|2|000000301|| 
TRX|861|2350001|120|1|000001999|01|20260826|69BB541A-2992-45BD-8FEE-189618FC754C|0|11861120942220260826|S|||S|| 
INV|472643300012|1|000001999|000002999|1|000001000|| 
TRX|547|2690301|002|1|000001900|01|20260826|F7D3623F-8FFA-4829-9946-87A02878E919|0|11547002082920260826|S|||S|N|547
INV|473047500015|1|000001900|000002900|1|000001000|| 
TRX|401|2806401|052|1|000001899|01|20260826|3C94836E-8BF9-4F3A-A1FD-A62775647876|0|11401052373920260826|S|||S|| 
INV|470240000014|1|000001899|000001899|1|0|| 
TRX|828|2404801|116|2|000024798|01|20260826|DC816B83-5788-4027-A583-5B85182AC4BE|0|11828116273220260826|S|||O|N|823
INV|414698100001|1|000011199|000019999|1|000008800|| 
INV|456995700010|1|000013599|000024999|2|000011400|| 
TRX|828|2547801|116|2|000000598|01|20260826|D66DA6A2-5BF0-45F5-8385-D1CCE8ED2649|0|11828116272620260826|S|||S|| 
INV|414698100001|2|000000598|000000399|1|000000200|| 
TRX|527|2668901|031|1|000043700|01|20260826|89B27EB8-963A-49D9-BD67-9DBAADBE67B8|0|11527031358020260826|S|||S|N|527
INV|456580800002|1|000043700|000075000|1|000031300|| 
TRX|517|2088601|063|2|000103600|01|20260826|765559DF-AE70-427A-A3BD-559F028ED366|0|11517063891220260826|S|||S|N|517
INV|466583500014|1|000023700|000035900|1|000012200|| 
INV|470689300010|1|000079900|000094900|2|000015000|| 
TRX|636|1174001|130|1|000011400|02|20260826|3A414682-1E9C-4A3B-A6EA-6DD5447658A7|0|11636130018020260826|S|||S|N|636
INV|472643300012|1|000011400|000015900|1|000004500|| 
TRX|534|2557901|077|2|000034188|02|20260826|E3AFE07C-BB5E-48B8-8605-9CB9A4468013|0|11534077463320260826|S|||S|N|534
INV|471458600010|1|000025900|000034900|1|000009000|| 
INV|471458600010|1|000008288|000008288|2|0|| 
TRX|827|2255901|108|1|000008999|01|20260826|1988522F-FCF5-43E4-BD3B-10CDDA06BDFD|0|11827108546520260826|S|||S|N| 
INV|471458600010|1|000008999|000008999|1|0|| 
TRX|539|2692301|024|1|000011900|01|20260826|065D5510-B6AF-41A7-B06F-97BAA673DDD5|0|11539024105720260826|S|||S|J|539
INV|456995700010|1|000011900|000013900|1|000002000|| 
TRX|571|1045401|075|1|000013700|01|20260826|5FD1BB75-AF4B-49B7-BCA4-C2FCAC37CCF5|0|11571075290820260826|S|||O|N|523
INV|438587800001|1|000013700|000030000|1|000016300|| 
TRX|811|2423101|105|1|000001599|01|20260826|1502768C-54DB-4E62-AAF9-EA9558F2A850|0|11811105847220260826|S|||S|| 
INV|438587700004|1|000001599|000001999|1|000000400|| 
TRX|823|2575801|005|1|000096900|01|20260826|BF9B9893-8D2F-40C8-8E33-4F1E322D3FE7|0|11823005274220260826|S|||O|N|823
INV|466587700014|1|000096900|000149900|1|000053000|| 
TRX|912|2485701|002|1|000000799|01|20260825|9E821730-BCA4-4CE6-A14C-394DFF176561|0|11912002135820260825|S|||S|| 
INV|438586400004|1|000000799|000000799|1|0|| 
TRX|872|2682001|001|1|000084900|02|20260826|18ABBCC2-B202-4E93-9FFF-680FCB1EF1E1|0|11872001742220260826|S|||S|N|872
INV|472643300012|1|000084900|000094900|1|000010000|| 
TRX|832|2790301|110|1|000000499|01|20260826|2075F1C3-DA06-4346-B58A-81001E7E3963|0|11832110213120260826|S|||S|J| 
INV|470240000014|1|000000499|000000899|1|000000400|| 
TRX|840|2299001|112|1|000000639|01|20260826|94DAA5A3-BD5F-49B1-BF9F-A0010C65A1E5|0|11840112469020260826|S|||S|| 
INV|470667600019|1|000000639|000000799|1|000000160|| 
TRX|686|2508001|004|1|000011900|01|20260826|1CA23EA0-05D5-443A-A48A-A6B38E8F8925|0|11686004556620260826|S|||S|N|686
INV|470525100019|1|000011900|000013900|1|000002000|| 
TRX|623|2281501|144|5|000131368|02|20260826|A0481BCC-A7FA-4BEE-BC42-D4FFA5F36CFD|0|11623144458220260826|S|||S|N|623
INV|469989900013|1|000099600|000154900|1|000055300|| 
INV|438587700004|1|000031468|000034965|2|000003497|| 
INV|472643300012|3|000000300|000000100|3|0|| 
TRX|642|2756701|173|2|000004698|01|20260826|0BE4D8C2-E438-4AD0-B366-6D82D7BE70ED|0|11642173606420260826|S|||S|N|642
INV|472643300012|1|000001399|000001799|1|000000400|| 
INV|466587600017|1|000003299|000003299|2|0|| 
TRX|815|2583101|125|2|000024763|01|20260826|C7080000-3082-41E4-A854-A811B3EB742A|0|11815125551520260826|S|||S|N|815
INV|438587700004|1|000019499|000029900|1|000010401|| 
INV|438587700004|1|000005264|000005264|2|0|| 
TRX|830|2284301|106|1|000000899|01|20260826|3092BD40-8801-492C-B716-65B827D69F1A|0|11830106857920260826|S|||S|| 
INV|466583500014|1|000000899|000001999|1|000001100|| 
TRX|816|2860601|044|2|000000817|01|20260826|D8D92223-DBDA-4045-A436-62EA560F94BE|0|11816044168920260826|S|||S|N| 
INV|472643300012|1|000000699|000001199|1|000000500|| 
INV|473047500015|1|000000118|000000118|2|0|| 
TRX|820|2881901|180|1|000002999|01|20260826|2113AAB7-77D3-4F58-8F98-5B16CA0C0ED7|0|11820180622720260826|S|||S|| 
INV|438586400004|1|000002999|000003999|1|000001000|| 
TRX|513|2542401|015|1|000016900|01|20260826|E00B05B7-1128-4C43-94CB-590A7C8F6C2D|0|11513015701320260826|S|||S|N|513
INV|466583500014|1|000016900|000017900|1|000001000|| 
TRX|861|2350001|120|1|000000699|01|20260826|647C8575-3A91-47C9-ABA5-1CE241E1D897|0|11861120942020260826|S|||S|| 
INV|414698100001|1|000000699|000000999|1|000000300|| 
TRX|554|2792401|048|1|000018900|01|20260826|696667B6-7E17-47E0-860A-DB2B40A3387D|0|11554048210520260826|S|||S|N|554
INV|414863400004|1|000018900|000018900|1|0|| 
TRX|631|2795001|166|4|000039900|02|20260826|3D7A5BB2-09F0-486D-BF46-3D228125A910|0|11631166405420260826|S|||S|N|631
INV|472643300012|1|000039600|000000799|1|000038801|| 
INV|470667600019|3|000000300|000000100|2|0|| 
TRX|841|2373301|119|1|000018900|01|20260826|883574E4-1029-4C13-8477-50ACF089D2E9|0|11841119426720260826|S|||S|N| 
INV|470074000013|1|000018900|000021400|1|000002500|| 
TRX|632|2817401|153|1|000049900|01|20260826|E95A568C-331B-485D-A2C4-9625DDD7B656|0|11632153653320260826|S|||S|N|632
INV|414855600009|1|000049900|000071900|1|000022000|| 
TRX|827|2255901|108|4|000002298|01|20260826|CE9AF2BD-B3BF-4183-80C5-F0C3BE1E40C5|0|11827108546420260826|S|||S|N|827
INV|472938000016|2|000001598|000002999|1|000004400|| 
INV|473047500015|1|000000599|000000899|2|000000300|| 
INV|468304900011|1|000000101|000000101|3|0|| 
TRX|523|2575801|026|1|000017700|01|20260826|00D9E7B2-56DE-40F5-97FA-929DDC1CEFD7|0|11523026452720260826|S|||O|N|523
INV|471458600010|1|000017700|000042000|1|000024300|| 
TRX|837|2614701|138|2|000000498|01|20260826|83ABC8E7-8D9E-4874-873D-E6A21AFDB0FB|0|11837138028620260826|S|||S|N| 
INV|466583500014|1|000000249|000000349|1|000000100|| 
INV|456995700010|1|000000249|000000349|2|000000100|| 
TRX|832|2790301|110|1|000000799|01|20260826|EF405E9A-78F5-4A2F-BF6F-D74ACDF339D3|0|11832110212920260826|S|||S|| 
INV|466583500014|1|000000799|000001199|1|000000400|| 
TRX|815|2756201|125|6|000000999|01|20260826|1E0200AB-145F-479D-B9F5-7D0E9AE3871F|0|11815125551120260826|S|||S|N| 
INV|471111700019|6|000000999|000000349|1|000001095|| 
TRX|679|2816901|138|1|000116900|01|20260826|6DE7BE59-4C8D-403D-A5F5-209149DEB8E4|0|11679138886420260826|S|||S|N|679
INV|439806200008|1|000116900|000116900|1|0|| 
TRX|830|2349201|106|1|000002899|01|20260826|1B83FD41-0114-4AFE-BBC8-ACF3CF8AB454|0|11830106858020260826|S|||S|| 
INV|473047500015|1|000002899|000003999|1|000001100|| 
TRX|528|2742501|070|2|000061047|01|20260826|1FA3B7E5-3367-41D0-8F8B-2FCC24DFF398|0|11528070730620260826|S|||S|N|528
INV|472654900010|1|000045900|000052900|1|000007000|| 
INV|466587700014|1|000015147|000015147|2|0|| 
TRX|573|2872401|034|3|000167499|02|20260826|3C587522-9C2B-4D82-BAB5-34B0E2095EC7|0|11573034030220260826|S|||S|N|573
INV|438588000004|1|000082900|000098900|1|000016000|| 
INV|468303300010|1|000082900|000098900|2|000016000|| 
INV|472643300012|1|000001699|000001799|3|000000100|| 
TRX|534|2557901|077|2|000054397|01|20260826|F4447B35-8557-4898-AB5C-9C2C21DC274D|0|11534077462320260826|S|||S|N|534
INV|469023700012|1|000040900|000057900|1|000017000|| 
INV|470894200013|1|000013497|000013497|2|0|| 
TRX|815|2756201|125|1|000023000|01|20260826|2088C3A8-6149-4B9B-9343-D5F9DDFD064D|0|11815125551020260826|S|||S|N|815
INV|433952300001|1|000023000|000023500|1|000000500|| 
TRX|513|2542401|015|2|000098436|01|20260826|1151301500007177|0|11513015701520260826|R|11513015665920260821|513|S|N| 
INV|472654900010|1|000079900|000091900|1|000012000|| 
INV|472915800011|1|000018536|000024041|2|000005505|| 
TRX|534|2557901|077|1|000013700|02|20260826|D7E44266-FE07-44F9-803E-8CEC25ACD414|0|11534077462820260826|S|||S|N|534
INV|471458600010|1|000013700|000030000|1|000016300|| 
TRX|837|2614701|138|1|000009999|01|20260826|847C5D7E-DAF9-4E1C-A09B-0403E6273725|0|11837138028920260826|S|||S|J|837
INV|414702500001|1|000009999|000009999|1|0|| 
TRX|552|2302501|084|1|000024700|01|20260826|180F2223-A274-43A6-8C36-8A030801D650|0|11552084428620260826|S|||O|N|523
INV|466583800015|1|000024700|000050000|1|000025300|| 
TRX|632|2817401|153|4|000035700|02|20260826|36118E7A-5D91-4910-BCA0-D4C12F962473|0|11632153653120260826|S|||S|N|632
INV|470894300010|1|000035400|000045000|1|000009600|| 
INV|472643300012|3|000000300|000000100|2|0|| 
TRX|839|2563901|107|1|000000499|01|20260826|80D66A12-6A59-4896-80A3-7B34A5F1E1C1|0|11839107082620260826|S|||S|| 
INV|470894200013|1|000000499|000000699|1|000000200|| 
TRX|627|2877101|157|1|000003999|01|20260826|C9A58532-854B-4B2E-83EE-2FE66056F773|0|11627157626320260826|S|||S|N|627
INV|471458600010|1|000003999|000003999|1|0|| 
TRX|851|2773101|109|1|000000799|01|20260826|959B513B-B598-4104-961D-8DE1546E1977|0|11851109993920260826|S|||S|| 
INV|472938200010|1|000000799|000001199|1|000000400|| 
TRX|551|1016401|078|1|000001399|01|20260826|D70A897A-66B9-438F-A7F2-3586602FBB80|0|11551078384220260826|S|||S|N| 
INV|468018900017|1|000001399|000001799|1|000000400|| 
TRX|641|2074201|073|3|000040514|02|20260826|677073C4-01AB-4F00-A0EA-C42249E3D63D|0|11641073608820260826|S|||S|N|641
INV|471111700019|1|000026900|000032900|1|000006000|| 
INV|470240000014|1|000009415|000009415|2|0|| 
INV|472643100018|1|000004199|000004499|3|000000300|| 
TRX|840|2714501|112|1|000000999|01|20260826|070C643C-CF69-4ED8-AE22-91A843B92067|0|11840112469120260826|S|||S|J| 
INV|470826400016|1|000000999|000001499|1|000000500|| 
TRX|574|2750701|005|1|000001999|01|20260826|0E4226AF-0A77-4079-9675-6E9058EBF1E2|0|11574005967620260826|S|||S|| 
INV|469054100010|1|000001999|000001999|1|0|| 
TRX|559|1591901|085|1|000001799|01|20260826|9B441139-B20E-40F3-B589-D3DFB7DC68A4|0|11559085833720260826|S|||S|N|559
INV|470074000013|1|000001799|000002099|1|000000300|| 
TRX|831|2852101|114|1|000002599|01|20260826|47FB75D4-6112-4086-A831-53D652E71CBD|0|11831114500220260826|S|||S|N| 
INV|472643300012|1|000002599|000003499|1|000000900|| 
TRX|577|2699701|087|2|000115600|02|20260826|768F1C9E-B979-456E-B5CE-99A8F2B80F34|0|11577087229820260826|S|||S|N|577
INV|414698100001|1|000079700|000115000|1|000035300|| 
INV|458436100014|1|000035900|000046900|2|000011000|| 
TRX|651|2727701|160|1|000010900|01|20260826|4058F516-1448-497D-B30E-3C65E6E38D83|0|11651160968320260826|S|||S|N|651
INV|472938000016|1|000010900|000011900|1|000001000|| 
TRX|531|1027901|089|2|000070400|02|20260826|656B7474-5DD1-45DF-A62B-F02A636BCA61|0|11531089261020260826|S|||S|N|531
INV|470074000013|1|000037700|000059900|1|000022200|| 
INV|472938100013|1|000032700|000048000|2|000015300|| 
TRX|861|2350001|120|1|000000299|01|20260826|9F2D7D4A-DBF6-4407-9883-2998A5710B58|0|11861120942420260826|S|||S|| 
INV|466587600017|1|000000299|000000599|1|000000300|| 
TRX|515|2673101|080|1|000043700|02|20260826|D01E652C-AC55-4627-9A86-22D9552C5F50|0|11515080528820260826|S|||S|N|515
INV|438587700004|1|000043700|000085000|1|000041300|| 
TRX|523|2575801|026|1|000024700|01|20260826|A7539FA5-805E-4BDB-B7F0-AFE40BF14991|0|11523026452820260826|S|||O|N|523
INV|438587700004|1|000024700|000050000|1|000025300|| 
TRX|670|1217701|066|2|000037900|02|20260826|746ABFDF-8610-4677-BD80-895D37EBDDEF|0|11670066493920260826|S|||S|N|670
INV|461668600016|1|000014900|000015900|1|000001000|| 
INV|433950300003|1|000023000|000023500|2|000000500|| 
TRX|638|1595901|149|1|000005299|01|20260826|B52BB0B6-D35C-4375-8CD4-046AFCEB41F3|0|11638149118620260826|S|||S|N|638
INV|470894200013|1|000005299|000006499|1|000001200|| 
TRX|628|2759201|185|2|000050498|01|20260826|53F1F154-7E9A-4DBD-AE80-1D1F06D43D83|0|11628185430920260826|S|||S|N|628
INV|470376000018|1|000039700|000050000|1|000010300|| 
INV|466583500014|1|000010798|000012704|2|000001906|| 
TRX|559|1591901|085|1|000069700|02|20260826|E866C272-7749-4A4F-B41A-A67939585573|0|11559085833420260826|S|||S|N|559
INV|438587700004|1|000069700|000098000|1|000028300|| 
TRX|835|2797801|017|1|000006500|01|20260826|D832F226-C1EB-4858-95C4-8A824F3C1747|0|11835017183020260826|S|||S|| 
INV|466583800015|1|000006500|000006500|1|0|| 
TRX|553|2602001|003|1|000266900|01|20260826|F925C0E2-CA93-47F8-8D46-F752AE1D0E92|0|11553003939820260826|S|||S|N|553
INV|466583800015|1|000266900|000266900|1|0|| 
TRX|636|1174001|130|1|000024900|01|20260826|5EB983C1-F0DC-42F4-AAD2-0BC86675A38B|0|11636130017720260826|S|||S|N|636
INV|470693500017|1|000024900|000025900|1|000001000|| 
TRX|831|2406901|114|1|000002199|01|20260826|7826936A-A131-4442-B164-411D26B2A8B9|0|11831114500020260826|S|||S|J| 
INV|472938200010|1|000002199|000003299|1|000001100|| 
TRX|811|2423101|105|1|000005400|01|20260826|2E033A85-F107-4967-992A-B70108DBC6E4|0|11811105847020260826|S|||S|| 
INV|469989900013|1|000005400|000005900|1|000000500|| 
TRX|540|2430001|062|2|000041400|01|20260826|90D7156C-E915-4504-B8DB-0CC6896CEA15|0|11540062299520260826|S|||S|J|540
INV|414698900007|2|000041400|000029900|1|000018400|| 
TRX|632|2817401|153|4|000039900|02|20260826|4F1AF1F7-3520-4911-9CB4-369611CB4FEC|0|11632153653220260826|S|||S|N|632
INV|458436100014|1|000039600|000049900|1|000010300|| 
INV|438587700004|3|000000300|000000100|2|0|| 
TRX|815|2756201|125|1|000000799|01|20260826|011D1BCD-A2FE-4622-9138-2D461280386B|0|11815125551420260826|S|||S|N| 
INV|468304400016|1|000000799|000001299|1|000000500|| 
TRX|519|2256701|074|1|000019500|01|20260826|77DA7251-7A01-4EE9-AB0C-ECE747753C41|0|11519074398320260826|S|||O|N|523
INV|466583100016|1|000019500|000040000|1|000020500|| 
TRX|830|2349201|106|7|000003998|01|20260826|C0807308-2B2B-4069-BF74-9AAB94A6CA1F|0|11830106858220260826|S|||S|| 
INV|426642400006|6|000000999|000000349|1|000001095|| 
INV|472654900010|1|000002999|000004999|2|000002000|| 
TRX|519|2256701|074|1|000059700|01|20260826|FFA91870-6EEF-4C6D-9C2D-4597AFEA9D27|0|11519074398520260826|S|||O|N|523
INV|471458600010|1|000059700|000085000|1|000025300|| 
TRX|512|2692401|038|1|000067700|01|20260826|5DBDA6E8-EED2-4692-952F-C01295FFCD5E|0|11512038811920260826|S|||S|N|512
INV|471117800010|1|000067700|000095000|1|000027300|| 
TRX|430|2861501|103|1|000000399|01|20260826|234FB8AE-0DAF-4C49-99E1-931061E0784F|0|11430103059220260826|S|||S|| 
INV|458436100014|1|000000399|000000399|1|0|| 
TRX|515|2673101|080|1|000005900|01|20260826|4D01540E-CF18-4646-8C6C-2417CAE84CF8|0|11515080528220260826|S|||S|N|515
INV|438587700004|1|000005900|000008900|1|000003000|| 
