HDR|08|11|00001
TRX|528|2098901|042|2|000060400|02|20260811|F50F3A6C-E98C-4B02-A31A-9D3CD04007AD|0|11528042390420260511|S|||S|N|528
INV|414785500004|1|000057500|000057500|1|0|| 
INV|486114300005|1|000002900|000002900|2|0|| 
TRX|528|2098901|042|100|000123405|01|20260811|F8D3FDCD-E098-43E5-A8EA-B5BB3D038CBE|0|11528042390620260511|S|||S|N| 
INV|458146800013|100|000123405|000001299|1|000006495|| 
TRX|528|2098901|042|2|000067500|02|20260811|C2DB025C-1D45-471F-8F48-2CC6A67CC663|0|11528042390320260511|S|||S|N|528
INV|427883800006|1|000045900|000053900|1|000008000|| 
INV|463542200008|1|000021600|000021600|2|0|| 
TRX|528|2098901|042|2|000067500|01|20260811|02A4DAEF-4B3A-43A6-A368-CA150AB437BB|0|11528042390720260511|S|||S|N|528
INV|427883800006|1|000045900|000053900|1|000008000|| 
INV|463542200008|1|000021600|000021600|2|0|| 
TRX|623|2010040|008|2|000093500|01|20260809|F8035035-A96D-4949-90FB-471AC2469CF8|0|11623008000820260409|S|||S|N|623
INV|465265800015|1|000085000|000085000|1|0|| 
INV|463542000004|1|000008500|000008500|2|0|| 
TRX|528|2098901|002|3|000044086|01|20260811|95A05D1C-8A6D-4959-ACCD-726799E82949|0|11528002845820260511|S|||S|N| 
INV|461431200016|1|000031701|000036900|1|000005199|| 
INV|463542200008|1|000011186|000011186|2|0|| 
INV|457032800014|1|000001199|000001199|3|0|| 
TRX|528|2098901|042|2|000002398|01|20260811|F0454862-DF33-4E7D-AEA4-6BBB01794E13|0|11528042390920260511|S|||S|N| 
INV|457032700017|1|000001099|000001099|1|0|| 
INV|458146800013|1|000001299|000001299|2|0|| 
