HDR|08|11|00001
TRX|528|2430001|002|4|000086760|01|20260812|174A1F3B-3C51-427B-89F8-C3730238DE08|0|11528002849020260512|S|||S|N|528
INV|420765600169|1|000034200|000038000|1|000003800|| 
INV|463542200008|1|000009180|000010200|2|000001020|| 
INV|420765600169|1|000034200|000038000|3|000003800|| 
INV|463542200008|1|000009180|000010200|4|000001020|| 
TRX|528|2430001|002|4|000086760|01|20260812|908F59B0-976A-4784-88B7-DDE8BB9D4E42|0|11528002848920260512|S|||S|N| 
INV|420765600169|1|000034200|000038000|1|000003800|| 
INV|463542200008|1|000009180|000010200|2|000001020|| 
INV|420765600169|1|000034200|000038000|3|000003800|| 
INV|463542200008|1|000009180|000010200|4|000001020|| 
TRX|528|2430001|002|4|000086760|01|20260812|0752F7F6-77C8-4A49-A33A-E80695D061F2|0|11528002848820260512|S|||S|N|528
INV|420765600169|1|000034200|000038000|1|000003800|| 
INV|463542200008|1|000009180|000010200|2|000001020|| 
INV|420765600169|1|000034200|000038000|3|000003800|| 
INV|463542200008|1|000009180|000010200|4|000001020|| 
TRX|528|2430001|042|1|000154900|01|20260812|1152804200000317|0|11528042396220260512|R|11528042396120260512|528|S|| 
INV|470525400010|1|000154900|000159900|1|000005000|| 
TRX|528|2430001|042|1|000154900|01|20260812|EEA6F042-CAA1-4931-ADC0-B172EED8CDF7|0|11528042396120260512|S|||S|| 
INV|470525400010|1|000154900|000159900|1|000005000|| 
TRX|528|2430001|042|3|000051500|01|20260812|604666F9-D3F3-4968-B45D-32F878ADBFAA|0|11528042396020260512|S|||S|N|528
INV|427883800006|1|000026300|000053900|1|000027600|| 
INV|463542200008|1|000020600|000021600|2|000001000|| 
INV|474058100003|1|000004600|000004600|3|0|| 
TRX|528|2430001|042|3|000127925|02|20260812|620E21BC-B8EB-420B-A1E8-B539C55E494C|0|11528042396420260512|S|||S|J|528
INV|462751100017|1|000094910|000109900|1|000014990|| 
INV|463542200008|1|000029015|000029015|2|0|| 
INV|459039800004|1|000004000|000004000|3|0|| 
