HDR|08|11|00001
TRX|528|2430001|042|1|000021344|02|20260815|43DC292D-A6D2-427A-9CC7-CFED773774FB|0|11528042400720260515|S|||S|N|528
INV|463542200008|1|000021344|000021344|1|0|| 
TRX|528|2430001|002|1|000048900|01|20260815|D600CC69-A51C-4A55-8527-1F22DF12348F|0|11528002852220260515|S|||S|N| 
INV|462801200018|1|000048900|000072900|1|000024000|| 
TRX|528|2430001|042|2|000172800|01|20260815|76988936-386A-4E28-8163-C2F387F5057C|0|11528042401220260515|S|||S|N|528
INV|439296100000|1|000019900|000019900|1|0|| 
INV|468131400012|1|000152900|000175900|2|000023000|| 
TRX|528|2430001|042|20|007198000|01|20260815|33CE9507-65DD-421B-B939-ECD3D5BD2B28|0|11528042400620260515|S|||S|J| 
INV|465383200018|20|007198000|000359900|1|0|| 
TRX|528|2430001|002|1|000010200|01|20260815|9C788FA8-023A-4394-9E5E-4A395C51D88C|0|11528002851920260515|S|||S|N|528
INV|463542200008|1|000010200|000010200|1|0|| 
TRX|528|2430001|002|100|000899900|01|20260815|EAF6C867-C539-4D7D-918F-E9E2FD0134A3|0|11528002851720260515|S|||S|J|528
INV|427083900001|100|000899900|000008999|1|0|| 
TRX|528|2430001|042|28|010077200|01|20260815|A14BD89D-4FC7-43E1-B67F-A3046B546239|0|11528042400420260515|S|||S|N| 
INV|465383200018|28|010077200|000359900|1|0|| 
TRX|528|2430001|002|2|000144900|01|20260815|5DDCA504-2BDF-4BC4-936A-ABC81EB5ECB2|0|11528002851520260515|S|||S|N|528
INV|438370500002|1|000059900|000059900|1|0|| 
INV|453562400007|1|000085000|000085000|2|0|| 
TRX|528|2430001|002|2|000062910|01|20260815|18B3805F-CC92-4D77-AEF4-96F4D5C2B70B|0|11528002851820260515|S|||S|N|528
INV|427883800006|1|000041310|000053900|1|000012590|| 
INV|463542200008|1|000021600|000021600|2|0|| 
TRX|528|2430001|042|49|015547680|02|20260815|6436DF65-5BD9-4C59-A979-CCFBCF0EF181|0|11528042400220260515|S|||S|J|528
INV|465383200018|48|015541481|000359900|1|001733719|| 
INV|439598200002|1|000006199|000006199|2|0|| 
TRX|528|2430001|042|1|000021344|02|20260815|1152804200000320|0|11528042400820260515|R|11528042400720260515|528|S|N| 
INV|463542200008|1|000021344|000021344|1|0|| 
TRX|528|2430001|042|1|000069700|01|20260815|B213CC32-21AB-4DD7-A0B3-08187222753C|0|11528042400320260515|S|||S|N|528
INV|432061500005|1|000069700|000069700|1|0|| 
TRX|528|2430001|002|1|000038000|01|20260815|BCBE9AB2-929F-4DB9-967A-B786CF45590E|0|11528002851620260515|S|||S|N| 
INV|420765600169|1|000038000|000038000|1|0|| 
TRX|623|2010040|007|1|000004699|01|20260809|18FB0803-2046-4E0C-A964-250233A248EE|0|11623007002520260409|S|||S|N|623
INV|441381700002|1|000004699|000004699|1|0|| 
TRX|528|2430001|042|1|000000799|01|20260815|C24C289B-4C2F-4363-AA88-750F56B32D90|0|11528042401120260515|S|||S|N| 
INV|457032500013|1|000000799|000000799|1|0|| 
TRX|528|2430001|002|3|000127400|01|20260815|3E23A2FE-2BAB-48B6-8BAD-CC703A0C6486|0|11528002851420260515|S|||S|N|528
INV|427883800006|1|000045900|000053900|1|000008000|| 
INV|463542200008|1|000021600|000021600|2|0|| 
INV|438370500002|1|000059900|000059900|3|0|| 
TRX|528|2430001|042|3|000087065|02|20260815|E1A48B8A-C2AF-49D9-BD1C-8DA0C70633D2|0|11528042401420260515|S|||S|J|528
INV|462751100017|1|000053051|000089900|1|000036849|| 
INV|463542200008|1|000029015|000029015|2|0|| 
INV|435175200007|1|000004999|000004999|3|0|| 
TRX|528|2430001|042|1|000359900|01|20260815|6D05E13F-92CC-49D2-B1B0-C2D716F82E6F|0|11528042400520260515|S|||S|N| 
INV|465383200018|1|000359900|000359900|1|0|| 
