HDR|08|11|00001
TRX|528|2430001|002|8|000475642|01|20260817|05408F05-376D-4C89-A3D8-008F75CBF802|0|11528002859020260517|S|||S|N| 
INV|462801200018|1|000048900|000072900|1|000024000|| 
INV|463542200008|1|000028160|000028160|2|0|| 
INV|459754000017|1|000095000|000095000|3|0|| 
INV|463542200008|1|000028500|000028500|4|0|| 
INV|462290500019|1|000139900|000139900|5|0|| 
INV|463541900008|1|000034771|000034771|6|0|| 
INV|487468100006|1|000085000|000085000|7|0|| 
INV|463542200008|1|000015411|000015411|8|0|| 
TRX|528|2430001|042|3|000222500|02|20260817|77F2FBB8-C8A5-4223-9E25-1491F611E5A1|0|11528042409620260517|S|||S|N|528
INV|462751100017|2|000129000|000089900|1|000050800|| 
INV|426953100008|1|000093500|000110000|2|000016500|| 
TRX|528|2430001|042|3|000074420|02|20260817|8A8D463B-019B-42F1-93AA-10C2BFFAC60D|0|11528042409520260517|S|||S|N|528
INV|462801200018|1|000042700|000072900|1|000030200|| 
INV|463541900008|1|000025520|000025520|2|0|| 
INV|429788200004|1|000006200|000006200|3|0|| 
