HDR|08|11|00001
TRX|528|2430001|002|3|000140080|02|20260818|9DD32FEA-EA75-4600-8214-E5C8E002CC4D|0|11528002862720260518|S|||S|N|528
INV|469266300017|1|000033915|000054900|1|000020985|| 
INV|469266300017|1|000033915|000054900|2|000020985|| 
INV|487468100006|1|000072250|000085000|3|000012750|| 
TRX|528|2430001|002|1|000089700|01|20260818|1152800200000463|0|11528002862620260518|R|11528070885120260203|528|S|N| 
INV|467201300016|1|000089700|000130000|1|000040300|| 
TRX|528|2430001|002|2|000105800|02|20260818|1951C297-F1BE-46F5-8CC9-AF38C638D14E|0|11528002862520260518|S|||S|N|528
INV|469266200010|1|000034900|000045900|1|000011000|| 
INV|428032600003|1|000070900|000095900|2|000025000|| 
