HDR|08|11|00001
TRX|528|2098901|042|5|000028995|01|20260811|395639CA-793B-4E0B-828F-7BF4E4BB5C12|0|11528042388920260511|S|||S|N|528
INV|439598200002|1|000005548|000006199|1|000000651|| 
INV|452796600009|1|000004385|000004900|2|000000515|| 
INV|470552100013|1|000004922|000005499|3|000000577|| 
INV|454248800005|1|000010650|000011900|4|000001250|| 
INV|417253600008|1|000003490|000003900|5|000000410|| 
TRX|528|2098901|042|5|000224500|01|20260811|67D180AA-58F6-4631-AC03-76C5D8B2796D|0|11528042389820260511|S|||S|N| 
INV|426935200009|1|000056500|000056500|1|0|| 
INV|430875500006|1|000044500|000044500|2|0|| 
INV|468652400010|1|000031500|000031500|3|0|| 
INV|469370200012|1|000042000|000042000|4|0|| 
INV|458414300016|1|000050000|000050000|5|0|| 
TRX|528|2098901|002|3|000198300|01|20260811|ECDEC9B3-FCF3-4184-B872-41F588393B71|0|11528002845320260511|S|||S|J| 
INV|462290500019|1|000139900|000139900|1|0|| 
INV|462801200018|1|000048900|000072900|2|000024000|| 
INV|461402900006|1|000009500|000009500|3|0|| 
TRX|528|2098901|002|20|000582300|01|20260811|1844D930-783B-45A2-8DCB-3B5CD6D610BB|1|11528002845520260511|S|||S|J| 
INV|461431200016|20|000582300|000032655|1|000070800|| 
TRX|528|2098901|042|1|000115000|01|20260811|15E53F01-46DD-42B4-A110-042224568E58|0|11528042389920260511|S|||S|N|528
INV|441467000002|1|000115000|000115000|1|0|| 
TRX|528|2098901|042|1|000025344|01|20260811|6EA7368E-EBFC-4B17-ABB3-4F6E651C37DE|0|11528042389120260511|S|||S|N|528
INV|463542200008|1|000025344|000028160|1|000002816|| 
TRX|528|2098901|042|2|000086793|01|20260811|3D3D0C24-D5CE-4223-9A80-B4644F124E35|1|11528042390020260511|S|||S|N|528
INV|487468100006|1|000075221|000075221|1|0|| 
INV|463541900008|1|000011572|000010241|2|000001331|| 
TRX|528|2098901|042|1|000023120|01|20260811|A089EBEC-4E81-444D-B866-8E99229D1342|0|11528042389020260511|S|||S|N|528
INV|417690900006|1|000023120|000032900|1|000009780|| 
TRX|623|2010040|007|1|000019900|02|20260809|6411B61A-6FA2-47F7-A822-9C05330FC62F|0|11623007002020260409|S|||S|N|623
INV|455982700019|1|000019900|000019900|1|0|| 
TRX|528|2098901|042|1|000011850|01|20260811|1152804200000310|0|11528042389720260511|R|11528042389320260511|528|S|N| 
INV|463542200008|1|000011850|000011850|1|0|| 
TRX|528|2098901|002|20|000672560|01|20260811|72716A7E-4827-489E-9DEA-0C145332E19D|1|11528002845620260511|S|||S|N| 
INV|420765600169|20|000672560|000033628|1|0|| 
TRX|528|2098901|042|2|000086793|01|20260811|1152804200000311|1|11528042390220260511|R|11528042390020260511|528|S|N| 
INV|487468100006|1|000075221|000075221|1|0|| 
INV|463541900008|1|000011572|000010241|2|000001331|| 
TRX|528|2098901|042|2|000048200|01|20260811|88CBBDF3-2022-4772-9733-A96688D96344|0|11528042390120260511|S|||S|N|528
INV|420765600169|1|000038000|000038000|1|0|| 
INV|463542200008|1|000010200|000010200|2|0|| 
TRX|528|2098901|042|1|000011850|01|20260811|FB1A5F8F-646C-40A2-B6B4-EB78F950EF8D|0|11528042389320260511|S|||S|N| 
INV|463542200008|1|000011850|000011850|1|0|| 
