HDR|08|11|00001
TRX|528|2430001|002|2|000012500|01|20260810|0FFD8D62-7EB5-4F0C-82F6-5F18ABE38F78|0|11528002840120260510|S|||S|N|528
INV|463542200008|1|000010200|000010200|1|0|| 
INV|461220000018|1|000002300|000002300|2|0|| 
TRX|528|2430001|002|1|000095000|01|20260810|9EAB1A5F-0656-4082-800E-A6F267562FAD|0|11528002840320260510|S|||S|N| 
INV|459754000017|1|000095000|000095000|1|0|| 
TRX|528|2430001|002|1|000095000|01|20260810|32894868-B404-49AB-ABE1-CB73B3B5B336|0|11528002840220260510|S|||S|N| 
INV|459754000017|1|000095000|000095000|1|0|| 
TRX|528|2430001|042|2|000143000|01|20260810|9F575571-7271-4982-BDB6-C9938B10A16C|0|11528042381120260510|S|||S|N|528
INV|426953100008|1|000110000|000110000|1|0|| 
INV|463542200008|1|000033000|000033000|2|0|| 
TRX|528|2430001|042|3|000294171|01|20260810|50792807-11F6-4863-BCB6-3CBF09868EF5|0|11528042381220260510|S|||S|N|528
INV|462290500019|1|000139900|000139900|1|0|| 
INV|463541900008|1|000034771|000034771|2|0|| 
INV|465336900019|1|000119500|000139900|3|000020400|| 
