HDR|08|11|00001
TRX|528|2430001|042|5|000090466|01|20260810|AD946C2E-01DD-4062-8A80-930321BFC87A|1|11528042380820260510|S|||S|N|528
INV|427883800006|1|000040619|000047699|1|000007080|| 
INV|463542200008|1|000019115|000016916|2|000002199|| 
INV|457119300017|1|000005928|000005928|3|0|| 
INV|417690900006|1|000018876|000029115|4|000010239|| 
INV|457119300017|1|000005928|000005928|5|0|| 
TRX|528|2430001|042|12|000124372|01|20260810|48FB6317-4B05-41AA-B3E2-E571976A8AAC|0|11528042380920260510|S|||S|N|528
INV|427083900001|1|000002250|000008999|1|000006749|| 
INV|427481500001|1|000012950|000014999|2|000002049|| 
INV|427425500005|1|000000549|000000549|3|0|| 
INV|430795800002|1|000011699|000015999|4|000004300|| 
INV|439296000003|1|000013050|000017900|5|000004850|| 
INV|427425300001|1|000000449|000000449|6|0|| 
INV|439296100000|1|000016649|000019900|7|000003251|| 
INV|456175700014|1|000014849|000018499|8|000003650|| 
INV|456176900017|1|000016199|000019999|9|000003800|| 
INV|459266100014|1|000004950|000029999|10|000025049|| 
INV|460933400016|1|000008099|000012999|11|000004900|| 
INV|465939600019|1|000022679|000027999|12|000005320|| 
TRX|528|10010|005|1|000049999|01|20260810|B2E3176F-F671-49F0-B9F5-790E8A4019FC|0|11528005763720260510|S|||S|N| 
INV|426993500004|1|000049999|000049999|1|0|| 
TRX|528|2430001|042|1|000035000|01|20260810|4B7F2706-1BA2-4F29-A333-46B5F9D202A3|0|11528042381020260510|S|||S|N| 
INV|418555100005|1|000035000|000035000|1|0|| 
TRX|528|2430001|042|3|000104800|01|20260810|A1899DC3-A0E3-42D5-8FC1-2A3FDC9DA3E3|0|11528042380420260510|S|||S|N|528
INV|420765600169|1|000038000|000038000|1|0|| 
INV|468955300017|1|000046900|000054900|2|000008000|| 
INV|470897500011|1|000019900|000019900|3|0|| 
TRX|528|2430001|042|1|000115000|01|20260810|1152804200000307|1|11528042380520260510|R|11528042379820260510|528|S|J| 
INV|441467000002|1|000115000|000101770|1|000013230|| 
