HDR|08|11|00001
TRX|528|2430001|002|1|000038000|01|20260818|F51A4A0F-14B1-449D-B263-77209CE6F74B|0|11528002862020260518|S|||S|J| 
INV|420765600169|1|000038000|000038000|1|0|| 
TRX|528|2430001|002|2|000229365|01|20260818|7B2A9548-89AA-4EBF-A2F3-29A747B3C487|0|11528002862220260518|S|||S|J| 
INV|459502600018|1|000169900|000169900|1|0|| 
INV|463542200008|1|000059465|000059465|2|0|| 
TRX|528|2430001|042|1|000038000|01|20260818|87C00AF0-1F79-4EA7-92F7-3EE9765DEA43|0|11528042415320260518|S|||S|J| 
INV|420765600169|1|000038000|000038000|1|0|| 
TRX|528|2430001|042|1|000049500|02|20260818|3B073822-D76C-43D1-A118-EDB73471C96B|0|11528042415420260518|S|||S|N|528
INV|462552100018|1|000049500|000049500|1|0|| 
TRX|528|2430001|002|1|000038000|01|20260818|DABD9060-0137-486E-8784-F00CCD94342B|0|11528002862120260518|S|||S|J| 
INV|420765600169|1|000038000|000038000|1|0|| 
