HDR|08|11|00001
TRX|528|2430001|042|1|000044500|01|20260811|27F0C761-60CB-4A8E-B3EF-86885EA518B2|0|11528042383620260511|S|||S|N| 
INV|430875500006|1|000044500|000044500|1|0|| 
TRX|528|2430001|002|1|000031255|01|20260811|FC9119C7-F54F-4457-95C2-7269AF6283B0|0|11528002843320260511|S|||S|N| 
INV|461431200016|1|000031255|000036900|1|000005645|| 
TRX|528|2430001|002|10|000342475|01|20260811|289455BF-283B-47E2-8D7B-3475CE9AFE97|1|11528002843520260511|S|||S|J|528
INV|465278700012|5|000210175|000042035|1|0|| 
INV|464540700019|5|000132300|000030885|2|000022125|| 
TRX|528|2430001|002|2|000226800|01|20260811|4831B633-DD3F-46A0-B6F0-B13404B11331|0|11528002843220260511|S|||S|N|528
INV|465165800016|1|000210900|000250000|1|000039100|| 
INV|410730400009|1|000015900|000015900|2|0|| 
TRX|528|2430001|042|1|000000799|01|20260811|44FDB4F4-F1AB-457C-B3A0-B01A68FF11C7|0|11528042383820260511|S|||S|N| 
INV|457032500013|1|000000799|000000799|1|0|| 
TRX|528|2430001|042|1|000031500|01|20260811|9429AEED-132E-4D48-AFAD-05D501A00DA7|0|11528042383720260511|S|||S|J| 
INV|468652400010|1|000031500|000031500|1|0|| 
TRX|528|2430001|042|338|015013350|02|20260811|DD6205D7-80C5-484D-A7CC-2017739AA652|0|11528042383520260511|S|||S|J|528
INV|462552100018|337|015001850|000049500|1|001679650|| 
INV|484905200008|1|000011500|000011500|2|0|| 
TRX|528|2430001|002|1|000065450|01|20260811|D8B35D6C-D1EA-461C-B205-30A4CFD67475|0|11528002843420260511|S|||S|N| 
INV|487468100006|1|000065450|000085000|1|000019550|| 
TRX|528|2430001|042|1|000020430|01|20260811|67A2D5E4-4DC2-498E-8B50-D295F3BDF7C4|0|11528042384220260511|S|||S|N| 
INV|447234200002|1|000020430|000022700|1|000002270|| 
TRX|528|2430001|042|1|000020430|01|20260811|1152804200000308|0|11528042384320260511|R|11528042384220260511|528|S|N| 
INV|447234200002|1|000020430|000022700|1|000002270|| 
TRX|528|2430001|042|8|000009592|01|20260811|3D561223-AB93-4FD8-A256-F078F23BA751|0|11528042383320260511|S|||S|N| 
INV|457032800014|8|000009592|000001199|1|0|| 
TRX|528|2430001|002|2|000138113|01|20260811|0CD3643C-B4C0-4DA4-BB89-9A127663D1DE|0|11528002843120260511|S|||S|N|528
INV|441467000002|1|000115000|000115000|1|0|| 
INV|463541900008|1|000023113|000023113|2|0|| 
TRX|528|2430001|002|3|000174080|02|20260811|D4210534-60F6-4FA3-9A0B-F2D11C335CEE|0|11528002843720260511|S|||S|N|528
INV|457634900013|1|000050915|000059900|1|000008985|| 
INV|457634900013|1|000050915|000059900|2|000008985|| 
INV|487468100006|1|000072250|000085000|3|000012750|| 
TRX|528|2430001|042|1|000265905|02|20260811|D9DE78D7-6207-4181-8A05-75582B158F64|0|11528042384120260511|S|||S|N|528
INV|468951600012|1|000265905|000299900|1|000033995|| 
TRX|528|2430001|042|3|000055304|01|20260811|73084FE2-F489-4831-B630-DA03E142FCAB|0|11528042384020260511|S|||S|N|528
INV|491846900003|1|000047405|000049900|1|000002495|| 
INV|478268200003|1|000002999|000002999|2|0|| 
INV|484728500002|1|000004900|000004900|3|0|| 
TRX|528|2430001|042|1|000017700|01|20260811|0EE0F6AE-DDF6-4301-B776-246864E4148F|0|11528042383920260511|S|||S|N| 
INV|447234200002|1|000017700|000022700|1|000005000|| 
TRX|528|2430001|002|1|000031160|01|20260811|05DB0225-F0A2-4D2A-8B26-9C72DCF233B6|0|11528002843620260511|S|||S|N| 
INV|420765600169|1|000031160|000038000|1|000006840|| 
