HDR|08|11|00001
TRX|528|2430001|042|1|000118915|01|20260815|1152804200000319|0|11528042398720260515|R|11528002850020260515|528|S|N| 
INV|462290500019|1|000118915|000139900|1|000020985|| 
TRX|528|2430001|002|2|000124900|01|20260815|1152800200000456|0|11528002850420260515|R|11528002850220260515|528|S|N| 
INV|487468100006|1|000080500|000085000|1|000004500|| 
INV|462801200018|1|000044400|000072900|2|000028500|| 
TRX|528|2430001|002|2|000073865|01|20260815|1152800200000455|0|11528002850320260515|R|11528002850120260515|528|S|N| 
INV|420765600169|1|000032300|000038000|1|000005700|| 
INV|462801200018|1|000041565|000072900|2|000031335|| 
TRX|528|2430001|042|1|000045400|01|20260815|1152804200000318|0|11528042398620260515|R|11528002849920260515|528|S|N| 
INV|462801200018|1|000045400|000072900|1|000027500|| 
TRX|528|2430001|042|10|000049000|01|20260815|AA9A75E8-B730-4CF8-8207-23926788E2DA|0|11528042398220260515|S|||S|N| 
INV|427798200007|10|000049000|000004900|1|0|| 
TRX|528|2430001|002|2|000073865|01|20260815|5ADBED7F-7B2C-48E5-B203-130CE92EA408|0|11528002850120260515|S|||S|N| 
INV|420765600169|1|000032300|000038000|1|000005700|| 
INV|462801200018|1|000041565|000072900|2|000031335|| 
TRX|528|2430001|002|2|000124900|01|20260815|874A49DE-7835-492F-9D27-D6D7A3D49C64|0|11528002850220260515|S|||S|N| 
INV|487468100006|1|000080500|000085000|1|000004500|| 
INV|462801200018|1|000044400|000072900|2|000028500|| 
TRX|528|2430001|042|2|000009800|01|20260815|CE15D37D-66BE-43B4-A03F-D67ECA2613B1|0|11528042398120260515|S|||S|N| 
INV|427798200007|2|000009800|000004900|1|0|| 
