HDR|08|11|00001
TRX|528|2430001|042|6|000087150|01|20260810|71F1F223-2743-4AC0-A433-C394B8DD56C6|0|11528042378720260510|S|||S|N|528
INV|418555100005|1|000017500|000035000|1|000017500|| 
INV|463542200008|1|000011550|000011550|2|0|| 
INV|418555100005|1|000017500|000035000|3|000017500|| 
INV|463542200008|1|000011550|000011550|4|0|| 
INV|418555100005|1|000017500|000035000|5|000017500|| 
INV|463542200008|1|000011550|000011550|6|0|| 
TRX|528|2430001|042|5|000064499|01|20260810|24EDE406-5E0D-4306-AF19-A1E172519835|0|11528042379020260510|S|||S|N|528
INV|417690900006|1|000022201|000032900|1|000010699|| 
INV|457119300017|1|000006699|000006699|2|0|| 
INV|417690900006|1|000022201|000032900|3|000010699|| 
INV|457119300017|1|000006699|000006699|4|0|| 
INV|457119300017|1|000006699|000006699|5|0|| 
TRX|528|2430001|042|1|000012609|01|20260810|1152804200000304|0|11528042378820260510|R|11528042375720260509|528|S|N| 
INV|463542200008|1|000012609|000014010|1|000001401|| 
TRX|528|2430001|002|20|000550000|01|20260810|4858E73F-DA39-4588-9A04-3CB733A800DA|0|11528002839320260510|S|||S|J| 
INV|461341500015|20|000550000|000049900|1|000448000|| 
TRX|528|2430001|042|2|000054904|01|20260810|C3A73130-CE83-4CD4-A5E9-E306CDEB69F5|0|11528042379420260510|S|||S|N|528
INV|496063600002|1|000042030|000046700|1|000004670|| 
INV|463542200008|1|000012874|000014304|2|000001430|| 
TRX|528|2430001|042|35|001171520|01|20260810|B4B2734C-14E9-4A11-9D81-5561C6747200|0|11528042379120260510|S|||S|N|528
INV|426967500009|35|001171520|000049900|1|000574980|| 
TRX|528|2430001|002|1|000038000|01|20260810|8EBADE17-5970-4C3E-A52C-2E68B20B9292|0|11528002839220260510|S|||S|N| 
INV|420765600169|1|000038000|000038000|1|0|| 
TRX|528|2430001|042|20|000115980|01|20260810|17FFC064-F243-4927-AE7D-71611A1A04AC|0|11528042378620260510|S|||S|N|528
INV|457684000015|20|000115980|000005799|1|0|| 
