HDR|08|11|00001
TRX|528|2430001|042|3|000077060|02|20260817|7CAA5676-CE6C-4992-BFB0-7BAB1154E7D7|0|11528042410620260517|S|||S|N|528
INV|462801200018|1|000016000|000072900|1|000056900|| 
INV|463542200008|1|000028160|000028160|2|0|| 
INV|417690900006|1|000032900|000032900|3|0|| 
TRX|528|2430001|002|1|000038000|01|20260817|408372E6-0812-49C2-9E99-7F667831A4A3|0|11528002859520260517|S|||S|J| 
INV|420765600169|1|000038000|000038000|1|0|| 
TRX|528|2430001|042|374|016617150|02|20260817|E02AFF7E-688F-4A56-8346-2BAD449D8F11|0|11528042410920260517|S|||S|J|528
INV|462552100018|373|016607650|000049500|1|001855850|| 
INV|451585900009|1|000009500|000009500|2|0|| 
TRX|528|2430001|002|1|000032900|01|20260817|14A0E631-92C4-45A8-85D8-C7B3C836C11C|0|11528002859420260517|S|||S|J| 
INV|461431200016|1|000032900|000036900|1|000004000|| 
TRX|528|2430001|042|2|000077400|01|20260817|6D8C6473-1AAF-4286-BD0F-5823A6539EF4|0|11528042410520260517|S|||S|N| 
INV|430875500006|1|000044500|000044500|1|0|| 
INV|461431200016|1|000032900|000036900|2|000004000|| 
TRX|528|2430001|042|1|000048900|01|20260817|42794291-A7C1-4A32-A539-D86239CAEFAD|0|11528042410420260517|S|||S|N| 
INV|462801200018|1|000048900|000072900|1|000024000|| 
