HDR|08|11|00001
TRX|528|2585701|042|90|002323980|01|20260812|64FFFE8B-1A8D-4008-823B-073BDE7F473C|0|11528042392520260512|S|||S|N| 
INV|457476800014|10|000025000|000002500|1|0|| 
INV|430875500006|10|000440000|000044500|2|000005000|| 
INV|458146700016|20|000011980|000000599|3|0|| 
INV|427798200007|10|000049000|000004900|4|0|| 
INV|467892400019|20|000998000|000064900|5|000300000|| 
INV|456497400012|20|000800000|000040000|6|0|| 
TRX|623|2010040|007|1|000005900|01|20260809|D7EABB22-E3D1-4CB3-9C76-5113A1EEFA41|0|11623007002120260409|S|||S|N|623
INV|458018500010|1|000005900|000005900|1|0|| 
TRX|623|2010040|007|1|000004699|01|20260809|CAEC286C-DDF1-4441-862E-E720229BE393|0|11623007002220260409|S|||S|N|623
INV|441381700002|1|000004699|000004699|1|0|| 
TRX|528|2585701|042|25|001112500|01|20260812|FE33A460-B60A-41C2-9DB5-6A6E43A97C94|0|11528042392620260512|S|||S|N| 
INV|430875500006|25|001112500|000044500|1|0|| 
TRX|528|2585701|042|155|000123845|01|20260812|CA6E2667-E89F-4691-9FF9-4FBD4EC45FBC|0|11528042392720260512|S|||S|N| 
INV|457032500013|155|000123845|000000799|1|0|| 
TRX|528|2585701|042|1|000266900|02|20260812|6F7E165C-2FD4-4B94-A1C5-484B64B4862C|0|11528042393020260512|S|||S|N|528
INV|460633100018|1|000266900|000266900|1|0|| 
