HDR|08|11|00001
TRX|528|2430001|042|4|000245100|02|20260818|9ED79281-4D78-46A5-A677-CE5F1834B66E|0|11528042415120260518|S|||S|N|528
INV|462751100017|4|000245100|000089900|1|000114500|| 
TRX|528|2430001|042|51|016195500|02|20260818|3F7140AC-06D7-4F0E-B3F9-EC557E216469|0|11528042415220260518|S|||S|J|528
INV|465383200018|50|015895600|000359900|1|002099400|| 
INV|468951600012|1|000299900|000299900|2|0|| 
TRX|528|2430001|042|1|000044500|01|20260818|A678BDEC-898D-4E89-8735-FE9CA2A38C2F|0|11528042414620260518|S|||S|J| 
INV|430875500006|1|000044500|000044500|1|0|| 
TRX|528|2430001|042|2|000077400|01|20260818|D5BFE02E-2BFD-4FB6-9CF8-82F984022415|0|11528042414420260518|S|||S|N| 
INV|461431200016|1|000032900|000036900|1|000004000|| 
INV|430875500006|1|000044500|000044500|2|0|| 
TRX|528|2430001|042|2|000069900|01|20260818|D606E292-85C9-4F1A-B9F7-F0E2B9F7996B|0|11528042414820260518|S|||S|N|528
INV|441828700008|1|000069900|000069900|1|0|| 
INV|461520500003|1|000000000|000000000|2|0|| 
TRX|528|2430001|042|1|000051900|01|20260818|47D32849-B0D3-4277-8031-C618EBB5B6BF|0|11528042414720260518|S|||S|N|528
INV|455635100012|1|000051900|000059900|1|000008000|| 
TRX|528|2430001|002|1|000169900|01|20260818|80387C09-7ED8-4207-8FF5-28897A3ADDE5|0|11528002861920260518|S|||S|J| 
INV|459502600018|1|000169900|000169900|1|0|| 
TRX|528|2430001|042|1|000019900|01|20260818|E2D4AF3F-506C-48DE-8CA6-F105515BBB1E|0|11528042414920260518|S|||S|N|528
INV|478064700004|1|000019900|000019900|1|0|| 
TRX|528|2430001|042|1|000240000|01|20260818|2C60F3DA-A944-4D22-89D9-A2FAF0C25B21|0|11528042414520260518|S|||S|N| 
INV|484320900002|1|000240000|000199900|1|000040100|| 
