HDR|08|11|00001
TRX|528|2585701|042|7|000180775|02|20260812|A52A5D2F-7E2B-4020-8642-16778109CF3B|0|11528042394520260512|S|||S|N|528
INV|427883800006|1|000001015|000053900|1|000052885|| 
INV|463542200008|1|000018360|000021600|2|000003240|| 
INV|420765600169|1|000038000|000038000|3|0|| 
INV|455740400014|1|000050065|000064900|4|000014835|| 
INV|463542200008|1|000015960|000018777|5|000002817|| 
INV|427883800006|1|000039015|000053900|6|000014885|| 
INV|463542200008|1|000018360|000021600|7|000003240|| 
TRX|528|2585701|042|1|000001899|01|20260812|AEE09D12-432A-432C-A183-A628F0E68384|0|11528042394720260512|S|||S|N| 
INV|456530800014|1|000001899|000001999|1|000000100|| 
TRX|528|2430001|002|3|000074560|01|20260812|3870CB8C-677D-4DDB-8E42-C4124C1A945D|0|11528002847420260512|S|||S|J| 
INV|462801200018|1|000045601|000072900|1|000027299|| 
INV|463542200008|1|000028160|000028160|2|0|| 
INV|457032500013|1|000000799|000000799|3|0|| 
TRX|528|2585701|042|1|000180000|01|20260812|170DB9A3-4FB4-4E6C-9757-CEB41150E19C|0|11528042394620260512|S|||S|N|528
INV|464189400011|1|000180000|000180000|1|0|| 
