HDR|08|11|00001
TRX|528|2430001|042|2|000088800|01|20260809|608E8801-67F4-4A82-A4CB-D61F54C9B840|0|11528042376020260509|S|||S|N|528
INV|453562500004|1|000059900|000063900|1|000004000|| 
INV|471837700003|1|000028900|000029900|2|000001000|| 
TRX|528|2430001|042|1|000059900|01|20260809|523AE534-3574-49A0-BD53-FA9FB285C255|0|11528042375820260509|S|||S|J|528
INV|438370500002|1|000059900|000059900|1|0|| 
TRX|528|2430001|042|1|000184900|01|20260809|73A3E801-1981-4B64-93D0-772681F31BE5|0|11528042375920260509|S|||S|J|528
INV|470886100017|1|000184900|000184900|1|0|| 
TRX|528|2430001|103|1|000300000|01|20260809|48519DB9-AF07-4306-9C31-18D2086A7828|0|11528103471620260509|S|||S|N| 
INV|418044000007|1|000300000|000300000|1|0|| 
