HDR|08|11|00001
TRX|528|2430001|042|4|000187086|01|20260815|1152804200000326|0|11528042405420260515|R|11528042403620260515|528|S|N| 
INV|426953100008|1|000110000|000110000|1|0|| 
INV|463542200008|1|000033000|000033000|2|0|| 
INV|461431200016|1|000032900|000036900|3|000004000|| 
INV|463542200008|1|000011186|000011186|4|0|| 
TRX|528|2430001|042|20|000482000|02|20260815|27AB7B14-208D-4870-A620-546A94CB2BD7|0|11528042405120260515|S|||S|N|528
INV|420765600169|1|000038000|000038000|1|0|| 
INV|463542200008|1|000010200|000010200|2|0|| 
INV|420765600169|1|000038000|000038000|3|0|| 
INV|463542200008|1|000010200|000010200|4|0|| 
INV|420765600169|1|000038000|000038000|5|0|| 
INV|463542200008|1|000010200|000010200|6|0|| 
INV|420765600169|1|000038000|000038000|7|0|| 
INV|463542200008|1|000010200|000010200|8|0|| 
INV|420765600169|1|000038000|000038000|9|0|| 
INV|463542200008|1|000010200|000010200|10|0|| 
INV|420765600169|1|000038000|000038000|11|0|| 
INV|463542200008|1|000010200|000010200|12|0|| 
INV|420765600169|1|000038000|000038000|13|0|| 
INV|463542200008|1|000010200|000010200|14|0|| 
INV|420765600169|1|000038000|000038000|15|0|| 
INV|463542200008|1|000010200|000010200|16|0|| 
INV|420765600169|1|000038000|000038000|17|0|| 
INV|463542200008|1|000010200|000010200|18|0|| 
INV|420765600169|1|000038000|000038000|19|0|| 
INV|463542200008|1|000010200|000010200|20|0|| 
TRX|528|2430001|042|1|000000799|01|20260815|963EA711-71A2-4675-9ED4-0D6930348C0D|0|11528042404820260515|S|||S|N| 
INV|457032500013|1|000000799|000000799|1|0|| 
TRX|528|2430001|042|2|000142800|02|20260815|65FE00D5-7F51-46E7-AAD4-36FC2AC85597|0|11528042405620260515|S|||S|J|528
INV|462751100017|1|000109900|000109900|1|0|| 
INV|461431200016|1|000032900|000036900|2|000004000|| 
TRX|528|2430001|042|1|000021344|01|20260815|F9C66AD3-E023-4257-9765-544881242115|0|11528042405520260515|S|||S|N|528
INV|463542200008|1|000021344|000021344|1|0|| 
TRX|528|2430001|042|2|000025119|02|20260815|E0A273E4-FEE1-4F83-B5D9-77FB4E06B08F|0|11528042405020260515|S|||S|N|528
INV|439296100000|1|000019900|000019900|1|0|| 
INV|463541900008|1|000005219|000005219|2|0|| 
TRX|528|2430001|042|2|000072060|01|20260815|C627D092-C710-4B05-BB77-DA5A49C3895C|0|11528042405720260515|S|||S|N|528
INV|462801200018|1|000048900|000072900|1|000024000|| 
INV|463542200008|1|000023160|000028160|2|000005000|| 
TRX|528|2430001|042|1|000085000|02|20260815|36B2605D-FD11-4E76-BF44-EB904708D47B|0|11528042405220260515|S|||S|N|528
INV|453562400007|1|000085000|000085000|1|0|| 
TRX|528|2430001|042|3|000115500|01|20260815|D3846F0B-5F00-4FCA-B907-C5FE3900B771|0|11528042404720260515|S|||S|J| 
INV|468652400010|1|000031500|000031500|1|0|| 
INV|430875500006|1|000044500|000044500|2|0|| 
INV|462674200016|1|000039500|000039500|3|0|| 
TRX|528|2430001|042|2|000061644|02|20260815|372EE7E6-7619-480A-9884-3C108A7F81FB|0|11528042404920260515|S|||S|N|528
INV|496063600002|1|000046700|000046700|1|0|| 
INV|463542200008|1|000014944|000014944|2|0|| 
