HDR|08|11|00001
TRX|528|2430001|002|7|000539462|02|20260812|C14501AF-B781-4048-A3FE-8E83A4DEF2F5|0|11528002847620260512|S|||S|N|528
INV|462801200018|1|000048900|000072900|1|000024000|| 
INV|462290500019|1|000139900|000139900|2|0|| 
INV|487468100006|1|000085000|000085000|3|0|| 
INV|461431200016|1|000032900|000036900|4|000004000|| 
INV|420765600169|1|000038000|000038000|5|0|| 
INV|462290500019|1|000134476|000139900|6|000005424|| 
INV|487468100006|1|000060286|000085000|7|000024714|| 
TRX|528|2430001|042|1|000031600|01|20260812|1152804200000316|0|11528042395320260512|R|11528042388220260511|528|S|N| 
INV|462674200016|1|000031600|000039500|1|000007900|| 
TRX|528|2430001|042|1|000149900|01|20260812|74542283-4001-4E83-876B-2E33E464A5F4|0|11528042395020260512|S|||S|N| 
INV|470074000013|1|000149900|000149900|1|0|| 
TRX|528|2430001|042|2|000048200|01|20260812|C44C6299-1664-4A95-8183-BAB89E1EA12E|0|11528042395220260512|S|||S|N|528
INV|420765600169|1|000038000|000038000|1|0|| 
INV|463542200008|1|000010200|000010200|2|0|| 
TRX|528|2430001|002|3|000132701|01|20260812|7267489E-2235-4472-B47B-5535E09C79E6|0|11528002847720260512|S|||S|N| 
INV|462290500019|1|000097131|000139900|1|000042769|| 
INV|463541900008|1|000034771|000034771|2|0|| 
INV|457032500013|1|000000799|000000799|3|0|| 
TRX|528|2430001|042|2|000002298|01|20260812|FD304D83-C63C-401F-8D95-54A8581B7ED4|0|11528042395120260512|S|||S|N| 
INV|457032800014|1|000001199|000001199|1|0|| 
INV|457032700017|1|000001099|000001099|2|0|| 
TRX|528|2430001|002|50|000424950|01|20260812|7B9A6488-AF4B-4B9E-AB0F-CBE6C9ADCA32|0|11528002847820260512|S|||S|N| 
INV|439320900002|50|000424950|000008499|1|0|| 
