HDR|08|11|00001
TRX|528|2430001|002|1|000005599|01|20260810|FCE109A0-50B2-40C8-9D47-1B2DE2177034|0|11528002841920260510|S|||S|N| 
INV|440030300006|1|000005599|000005599|1|0|| 
TRX|623|2010040|008|2|000070425|01|20260809|B9A7579A-64E0-41DA-A276-389ECD7CCE8E|0|11623008000720260409|S|||S|N|623
INV|462458000016|1|000055500|000055500|1|0|| 
INV|463541700004|1|000014925|000014925|2|0|| 
TRX|528|2430001|002|1|000002300|01|20260810|524B9DF8-4AB9-401E-B004-BE961866E208|0|11528002841820260510|S|||S|N| 
INV|461220000018|1|000002300|000002300|1|0|| 
TRX|623|2010040|007|1|000044900|01|20260809|2068D95C-35DC-4472-AF7E-9CC060DC87D3|0|11623007001820260409|S|||S|N|623
INV|450899700008|1|000044900|000044900|1|0|| 
