HDR|08|11|00001
TRX|528|2430001|042|2|000259800|01|20260817|0421AD78-C338-4DF5-B4FD-7C9A9DE1023F|0|11528042408520260517|S|||S|N|528
INV|430826600007|1|000119900|000119900|1|0|| 
INV|462290500019|1|000139900|000139900|2|0|| 
TRX|623|2010040|044|1|000051900|01|20260809|F97E6591-6C86-4D4D-8978-DA960AB48604|0|11623044269320260409|S|||O|N|523
INV|466932900014|1|000051900|000059900|1|000008000|| 
TRX|528|2430001|002|2|000035221|01|20260817|F6C6162B-7955-46DA-BACB-D9443F3EBD52|1|11528002857820260517|S|||S|J| 
INV|468955800012|1|000034425|000044159|1|000009734|| 
INV|457032600010|1|000000796|000000796|2|0|| 
TRX|528|2430001|002|2|000035221|01|20260817|1152800200000461|1|11528002857920260517|R|11528002857820260517|528|S|J| 
INV|468955800012|1|000034425|000044159|1|000009734|| 
INV|457032600010|1|000000796|000000796|2|0|| 
TRX|528|2430001|002|1|000038000|01|20260817|92C6D676-3346-4E3B-A82E-DA548D0CBE24|0|11528002858620260517|R|11528002848620260512|528|S|J| 
INV|420765600169|1|000038000|000038000|1|0|| 
TRX|623|2010040|021|1|000064900|01|20260809|C9D7494F-A1F0-4045-A5C9-205871E6C559|0|11623021097620260409|S|||S|N|623
INV|428889300002|1|000064900|000064900|1|0|| 
TRX|528|2430001|042|2|000074420|02|20260817|F568E10D-B6DD-4D78-B05C-F2FABE37563B|0|11528042408620260517|S|||S|N|528
INV|462801200018|1|000048900|000072900|1|000024000|| 
INV|463541900008|1|000025520|000025520|2|0|| 
TRX|528|2430001|002|2|000077060|01|20260817|3C9C3F25-8FBB-486F-8810-C77BA3A6F814|0|11528002858120260517|S|||S|N| 
INV|462801200018|1|000048900|000072900|1|000024000|| 
INV|463542200008|1|000028160|000028160|2|0|| 
TRX|528|2430001|002|1|000028160|01|20260817|09A5F09A-2FB0-4B63-A522-22FF60E84EC7|0|11528002858320260517|S|||S|N| 
INV|463542200008|1|000028160|000028160|1|0|| 
TRX|528|2430001|002|2|000209800|01|20260817|5B1AF6CB-08A0-4A09-A5EA-CB5A4AAF8038|0|11528002858520260517|S|||S|N|528
INV|438370500002|1|000059900|000059900|1|0|| 
INV|468127300012|1|000149900|000159900|2|000010000|| 
TRX|528|2430001|002|1|000019900|01|20260817|5DA4C835-8432-4165-940B-C65C840EDBBA|0|11528002858420260517|S|||S|N|528
INV|439296100000|1|000019900|000019900|1|0|| 
