HDR|08|11|00001
TRX|455|2581601|046|6|000053549|02|20260808|E88684A2-4824-4F06-A253-A160A67159E7|0|11455046658620260708|S|||S|N|455
INV|466583500014|2|000039800|000019950|1|000000100|| 
INV|457284400017|1|000000399|000000399|2|0|| 
INV|464346300017|1|000012900|000012900|3|0|| 
INV|462080100016|1|000000350|000000350|4|0|| 
INV|431951700006|1|000000100|000007900|5|000007800|| 
TRX|911|2554301|028|5|000016000|01|20260808|91D5B5A6-3B49-4181-A14C-A806EF81B521|0|11911028312420260708|S|||S|N|911
INV|456112800005|1|000002499|000002499|1|0|| 
INV|456116900008|1|000008003|000008999|2|000000996|| 
INV|456114700006|1|000000799|000000799|3|0|| 
INV|456189300002|1|000001699|000001699|4|0|| 
INV|456186800000|1|000003000|000003000|5|0|| 
TRX|620|2490001|150|4|000079002|02|20260808|16876A74-CFDB-41BF-8B3C-B67922E92CDD|0|11620150822320260708|S|||S|N|620
INV|414351500193|1|000019700|000025900|1|000006200|| 
INV|463542200008|1|000006501|000006501|2|0|| 
INV|477123200004|1|000039700|000052000|3|000012300|| 
INV|463542200008|1|000013101|000013101|4|0|| 
TRX|571|1045401|075|4|000145512|01|20260808|D69A4D02-4690-4749-B3C0-15EAEA78A306|0|11571075777820260708|S|||S|N|571
INV|468574500010|1|000056900|000063900|1|000007000|| 
INV|463541900008|1|000016501|000016501|2|0|| 
INV|455740400014|1|000055900|000064900|3|000009000|| 
INV|463541900008|1|000016211|000016211|4|0|| 
TRX|540|2598401|062|5|000074897|01|20260808|6ED7D402-1595-4FE2-868F-8AAF3956EF73|0|11540062980320260708|S|||S|N|540
INV|472916300015|1|000056900|000066900|1|000010000|| 
INV|432118700006|1|000015900|000017900|2|000002000|| 
INV|442206200004|1|000001399|000001399|3|0|| 
INV|497864100005|1|000000349|000000349|4|0|| 
INV|497864100005|1|000000349|000000349|5|0|| 
TRX|527|1584101|031|5|000243081|02|20260808|859F459C-E8AD-4243-91D4-11D6A0A9DBBC|0|11527031859120260708|S|||S|N|527
INV|469496400013|1|000112900|000139900|1|000027000|| 
INV|463542200008|1|000039515|000039515|2|0|| 
INV|455740300017|1|000059900|000069900|3|000010000|| 
INV|463542200008|1|000019767|000019767|4|0|| 
INV|463363500011|1|000010999|000010999|5|0|| 
TRX|455|2581601|046|7|000031549|01|20260808|5FD98558-A66C-4E81-B344-9CC9E8D14245|0|11455046658520260708|S|||S|N|455
INV|438585800003|2|000018400|000009250|1|000000100|| 
INV|463541600007|1|000005550|000005550|2|0|| 
INV|457284400017|1|000000399|000000399|3|0|| 
INV|417182300000|1|000000350|000000350|4|0|| 
INV|466426600017|1|000006750|000013500|5|000006750|| 
INV|453692400007|1|000000100|000007900|6|000007800|| 
TRX|635|2867601|158|1|000057900|01|20260808|04C72222-44A9-4977-B731-B7F8DF1A6E08|0|11635158651720260708|S|||S|N|635
INV|468887900019|1|000057900|000069900|1|000012000|| 
TRX|571|1045401|075|1|000018900|01|20260808|1E53E13C-BA5D-4B5C-B634-1562EC08162B|0|11571075778120260708|S|||S|N|571
INV|433097100009|1|000018900|000020900|1|000002000|| 
TRX|635|2867601|158|1|000014900|02|20260808|F778100A-CF40-46B1-BD48-C791C06496A9|0|11635158652020260708|S|||S|N|635
INV|467183700019|1|000014900|000019900|1|000005000|| 
TRX|527|1584101|031|1|000069900|01|20260808|25EAC7DA-7654-430F-AB6C-F602415F4067|0|11527031859020260708|S|||S|N|527
INV|470905500019|1|000069900|000080000|1|000010100|| 
TRX|532|1014901|011|1|000001599|01|20260808|A581E08A-708F-406D-89D0-77D4D7488DD0|0|11532011207620260708|S|||S|N|532
INV|471002400011|1|000001599|000002199|1|000000600|| 
TRX|530|2501101|022|1|000005299|01|20260808|22365392-410A-4CEF-A58F-DF81B3FF1719|0|11530022892720260708|S|||S|N|530
INV|466108200016|1|000005299|000005699|1|000000400|| 
TRX|637|2331201|165|1|000008999|01|20260808|1163716500002633|0|11637165429420260708|R|11637165163420260612|637|S|N| 
INV|467589400018|1|000008999|000012900|1|000003901|| 
TRX|830|2284301|106|1|000001999|01|20260808|9C04B770-D777-460C-8569-EB7B875EBE97|0|11830106554320260708|S|||S|J| 
INV|435026700007|1|000001999|000001999|1|0|| 
TRX|573|2793201|034|1|000016900|01|20260808|345477C4-7C4C-4AF6-986B-62707B6C97A1|0|11573034433220260708|S|||O|N|523
INV|472916200018|1|000016900|000019900|1|000003000|| 
TRX|525|2861101|195|3|000085599|01|20260808|45E27521-9405-4358-9A68-B5EBF579C846|0|11525195781420260708|S|||S|N|525
INV|464540700019|1|000025900|000034900|1|000009000|| 
INV|461141300013|1|000001799|000001799|2|0|| 
INV|468955100013|1|000057900|000074900|3|000017000|| 
TRX|638|1595901|149|2|000049815|01|20260808|75CD4007-9BD9-4C6B-9914-EC6E43DA0E34|0|11638149444920260708|S|||S|N|638
INV|468955800012|1|000036900|000049900|1|000013000|| 
INV|463542200008|1|000012915|000012915|2|0|| 
TRX|557|1051101|010|1|000003299|01|20260808|B7FCD638-6B66-4CD8-8093-8A11ACEB5297|0|11557010167420260708|S|||S|N|557
INV|457926000018|1|000003299|000003699|1|000000400|| 
TRX|638|1595901|149|1|000005499|01|20260808|EBFEC9F4-A71C-45A8-94A0-2B535BAAC9B6|0|11638149444420260708|S|||S|N|638
INV|457684000015|1|000005499|000006900|1|000001401|| 
TRX|873|2470101|003|1|000038900|01|20260808|61859DB1-0923-46A7-8E38-4D985E6AB0D1|0|11873003075220260708|S|||S|N| 
INV|469068500011|1|000038900|000059900|1|000021000|| 
TRX|539|2692301|024|2|000023718|01|20260808|D974DE46-5B81-480A-9498-FFDBB77A5787|0|11539024645520260708|S|||S|N|539
INV|457574400017|1|000017700|000024900|1|000007200|| 
INV|463542200008|1|000006018|000006018|2|0|| 
TRX|516|2356801|086|1|000001999|01|20260808|D228501D-8029-4ABB-8937-C7D67F65C3D0|0|11516086170520260708|S|||S|N|516
INV|470916200014|1|000001999|000001999|1|0|| 
TRX|828|2547801|116|1|000001199|01|20260808|25A38A95-EC35-4B90-A164-83CFDD0D0919|0|11828116048320260708|S|||S|| 
INV|437472700006|1|000001199|000001199|1|0|| 
TRX|639|2235301|145|1|000004599|01|20260808|08B6744D-69CE-45F0-B3F7-57F62A4F4E6D|0|11639145073620260708|S|||S|N| 
INV|469677200012|1|000004599|000005000|1|000000401|| 
TRX|627|2431301|157|1|000001299|01|20260808|721DCB53-D32F-47CD-8E20-D3E543A28FDC|0|11627157321720260708|S|||S|J|627
INV|440153300006|1|000001299|000002200|1|000000901|| 
TRX|517|2646001|063|1|000069700|01|20260808|2781D390-5E8A-4502-BCD8-3710FAB6DAD8|0|11517063443320260708|S|||S|N|517
INV|464699700014|1|000069700|000095000|1|000025300|| 
TRX|852|2846301|181|1|000000899|01|20260808|1185218100000500|0|11852181261020260708|R|11852181260920260708|852|S|| 
INV|453628700003|1|000000899|000000999|1|000000100|| 
TRX|571|1045401|075|2|000002598|01|20260808|55C4996A-4115-4BCE-ADC2-5D945B8C574F|0|11571075777920260708|S|||S|N| 
INV|469677000018|1|000001299|000001499|1|000000200|| 
INV|469677000018|1|000001299|000001499|2|000000200|| 
TRX|651|2727701|160|3|000287934|02|20260808|AE9AB480-4646-4ADB-A7B6-A81ADBADB301|0|11651160515920260708|S|||S|N|651
INV|460633100018|1|000246900|000246900|1|0|| 
INV|463541700004|1|000037035|000037035|2|0|| 
INV|470429500014|1|000003999|000003999|3|0|| 
TRX|638|1595901|149|1|000000599|01|20260808|6BEDE54B-50F1-4382-A0A1-494DB26DFA30|0|11638149445320260708|S|||S|| 
INV|458146700016|1|000000599|000000700|1|000000101|| 
TRX|578|2733901|007|1|000024900|01|20260808|D061D2F6-47D7-4F50-BAD6-CEA365FF95DF|0|11578007313620260708|S|||S|N|578
INV|468956100012|1|000024900|000029900|1|000005000|| 
TRX|547|2690301|002|1|000006900|01|20260808|1F169FF4-4C6D-4356-9FAF-4DE1D9504795|0|11547002818620260708|S|||S|N|547
INV|425958700008|1|000006900|000007900|1|000001000|| 
TRX|816|2863601|044|1|000003799|01|20260808|4986815A-C78C-4A1D-8419-B06FF10920AB|0|11816044002120260708|S|||S|N| 
INV|468810000014|1|000003799|000004099|1|000000300|| 
TRX|651|2727701|160|1|000003399|01|20260808|65F20757-1BC5-476F-BC25-2978D003990C|0|11651160516020260708|S|||S|N|651
INV|464010300015|1|000003399|000003799|1|000000400|| 
TRX|832|2790301|110|1|000001199|01|20260808|7D9135D3-DAF1-4FDD-AF5F-27B9D4BD5153|0|11832110996820260708|S|||S|| 
INV|462470700017|1|000001199|000001199|1|0|| 
TRX|639|2235301|145|2|000053067|01|20260808|41FA290F-2BF4-483F-B89A-D415779EF268|0|11639145073720260708|S|||S|N|639
INV|466013900018|1|000039900|000052900|1|000013000|| 
INV|463542200008|1|000013167|000013167|2|0|| 
TRX|670|2584901|066|1|000001999|01|20260808|D52EDB3D-7BF1-410C-B4F4-51F249A02D0F|0|11670066160220260708|S|||S|N|670
INV|470916200014|1|000001999|000001999|1|0|| 
TRX|852|2846301|181|1|000000899|01|20260808|FD9DE942-2608-4FA5-9FF3-1D4F9FDC2DD4|0|11852181260920260708|S|||S|| 
INV|453628700003|1|000000899|000000999|1|000000100|| 
TRX|673|2605601|133|1|000044900|01|20260808|BC4395E6-2E42-4E3B-9FC9-8F6399FCD0A6|0|11673133993620260708|S|||S|N|673
INV|468906100017|1|000044900|000047900|1|000003000|| 
TRX|539|2692301|024|1|000069500|02|20260808|591AFA99-D24E-46A4-9125-E847903513D1|0|11539024645920260708|S|||S|N|539
INV|466082300016|1|000069500|000119900|1|000050400|| 
TRX|671|2200201|163|1|000044900|02|20260808|A80C3AAD-F3E8-4919-9B53-ABB4C4076882|0|11671163020620260708|S|||S|N|671
INV|469368500018|1|000044900|000051900|1|000007000|| 
TRX|831|2406901|114|1|000015999|01|20260808|7603642F-76FC-4DF6-92DE-0B013663A632|0|11831114293820260708|S|||S|N| 
INV|427427900001|1|000015999|000015999|1|0|| 
TRX|532|1014901|011|1|000051900|01|20260808|F1FC1BF2-3090-4244-A535-C03B9A5299E9|0|11532011207520260708|S|||S|N|532
INV|470223700016|1|000051900|000065900|1|000014000|| 
TRX|523|2575801|026|1|000045900|01|20260808|F7060286-74DB-41BB-B80E-808E71BE18C2|0|11523026337020260708|S|||O|N|523
INV|465336500011|1|000045900|000063900|1|000018000|| 
TRX|911|2554301|028|1|000001000|01|20260808|7F2F7E8B-D9E5-46E6-930D-EB525B16CA52|0|11911028312520260708|S|||S|N|911
INV|433271100009|1|000001000|000001200|1|000000200|| 
TRX|840|2714501|112|2|000001548|01|20260808|1DB1A401-8474-4012-B556-4AA088B2F38E|0|11840112271420260708|S|||S|| 
INV|469051400014|1|000001199|000001199|1|0|| 
INV|497864200002|1|000000349|000000349|2|0|| 
TRX|523|2575801|026|1|000086900|01|20260808|7AB48A28-99D2-4C34-BE14-8BA729D704C5|0|11523026336920260708|S|||O|N|523
INV|472655100013|1|000086900|000086900|1|0|| 
TRX|528|2742501|070|1|000029900|01|20260808|DB71A829-E341-41B7-924E-E3209764CE2A|0|11528070950620260708|S|||S|J|528
INV|468858800010|1|000029900|000042900|1|000013000|| 
TRX|816|2860601|044|2|000001798|01|20260808|E61744FC-5CF9-4146-9122-BFF6B983953A|0|11816044001920260708|S|||S|N| 
INV|466671400011|1|000001499|000001999|1|000000500|| 
INV|463542700003|1|000000299|000000299|2|0|| 
TRX|831|2852101|114|1|000001199|01|20260808|A317A4A2-C647-4AEF-B6EF-B568B3B31974|0|11831114293920260708|S|||S|| 
INV|469051100013|1|000001199|000001199|1|0|| 
TRX|689|2463901|008|1|000003999|01|20260808|4611509E-247F-4679-BDCF-26F7884981F1|0|11689008867020260708|S|||S|N|689
INV|471440600011|1|000003999|000003999|1|0|| 
TRX|678|2655701|164|2|000016699|01|20260808|8A781560-77C3-418A-9EAB-A85FDD77B3C8|0|11678164834020260708|S|||O|N|609
INV|470191300010|1|000013700|000013700|1|0|| 
INV|435627700000|1|000002999|000002999|2|0|| 
TRX|613|1648501|140|3|000053115|01|20260808|1C01CE1A-2375-4E2F-A9A0-188A3CF65700|0|11613140025020260708|S|||S|N|613
INV|422796100199|3|000053115|000018930|1|000003675|| 
TRX|531|1027901|089|1|000006999|01|20260808|70E6C19B-2743-46B4-B80F-7762D8C9C1E2|0|11531089853520260708|S|||S|N|531
INV|470569300017|1|000006999|000006999|1|0|| 
TRX|856|2612501|006|2|000005398|01|20260808|D3F9889E-8FB6-4D85-9619-E33C03C2E5EE|0|11856006204420260708|S|||S|N| 
INV|468633400015|1|000004499|000005399|1|000000900|| 
INV|463542700003|1|000000899|000000899|2|0|| 
TRX|682|2548501|183|2|000031899|01|20260808|37E82806-EB50-4A67-8786-A3AA5C2D26C9|0|11682183619920260708|S|||S|N|682
INV|468807700019|1|000029900|000046900|1|000017000|| 
INV|470916200014|1|000001999|000001999|2|0|| 
TRX|512|2692401|038|2|000168875|02|20260808|15B9900B-9E1B-4E97-B886-F2659E323BB0|0|11512038201820260708|S|||S|N|512
INV|472936100015|1|000132900|000143900|1|000011000|| 
INV|463541700004|1|000035975|000035975|2|0|| 
TRX|418|2875601|096|1|000000350|01|20260808|7FFD37CA-3E4D-48B8-8952-22FE77123552|0|11418096740820260708|S|||S|| 
INV|454583900019|1|000000350|000000350|1|0|| 
TRX|632|2817401|153|4|000035700|02|20260808|FBAEECBC-F2DF-46DC-86F3-3F83F0947D2B|0|11632153198620260708|S|||S|N|632
INV|466219900010|1|000035400|000045000|1|000009600|| 
INV|473048000019|3|000000300|000000100|2|0|| 
TRX|540|2598401|062|1|000038700|01|20260808|0C630B06-795F-4181-8E20-487E6F6AF279|0|11540062980520260708|S|||S|N|540
INV|471312600002|1|000038700|000052900|1|000014200|| 
TRX|686|2508001|004|2|000020800|01|20260808|A23E2EA4-849F-4E7E-9E86-97F70AF4567F|0|11686004435920260708|S|||S|N|686
INV|466108500017|1|000001900|000002900|1|000001000|| 
INV|472172700017|1|000018900|000021900|2|000003000|| 
TRX|626|2231801|122|1|000002799|01|20260808|ADD53AF2-9408-470E-98E5-4317BF7C96E7|0|11626122991220260708|S|||S|N|626
INV|457379900019|1|000002799|000003100|1|000000301|| 
TRX|861|2350001|120|2|000010518|01|20260808|C078CF77-4A91-4421-8377-F8A3161AB9E0|0|11861120613920260708|S|||S|N| 
INV|467340600015|1|000007999|000008999|1|000001000|| 
INV|463541500000|1|000002519|000002519|2|0|| 
TRX|911|2554301|028|1|000000850|01|20260808|C3CD2710-0F76-4DAD-AF29-18E467950455|0|11911028312320260708|S|||S|N| 
INV|423566100005|1|000000850|000000850|1|0|| 
TRX|418|2875601|096|4|000033399|01|20260808|008513AF-DD0E-4059-AA3E-87C126BA1A00|0|11418096740920260708|S|||S|N|418
INV|468478400010|1|000006500|000021900|1|000015400|| 
INV|438587700004|2|000026500|000013250|2|0|| 
INV|457284400017|1|000000399|000000399|3|0|| 
TRX|821|2619801|117|5|000003995|01|20260808|5B29A033-B204-4B56-A834-568C8922F7F9|0|11821117104420260708|S|||S|N|821
INV|466683700017|2|000001998|000000999|1|0|| 
INV|469949100019|2|000000998|000000499|2|0|| 
INV|454720700014|1|000000999|000000999|3|0|| 
TRX|820|1391101|180|1|000002900|01|20260808|091F29EA-7DFB-4DFA-A3A4-1740FE597391|0|11820180453520260708|S|||S|| 
INV|470279700015|1|000002900|000004500|1|000001600|| 
TRX|640|2477801|134|2|000055341|01|20260808|8DAC322D-5646-4956-9A8D-F3302B2CAE2E|0|11640134382120260708|S|||S|N|640
INV|471257000011|1|000042900|000065000|1|000022100|| 
INV|463541900008|1|000012441|000012441|2|0|| 
TRX|623|2653501|144|1|000000100|01|20260808|0C8B272D-A7AC-48D0-8BD8-635091C0C644|0|11623144909620260708|S|||S|N|623
INV|472974000018|1|000000100|000000100|1|0|| 
TRX|685|2557601|003|1|000015609|01|20260808|65DBE9AC-8CE9-4794-95EF-D61BA06D2EB3|0|11685003940520260708|S|||S|N|685
INV|463542200008|1|000015609|000016966|1|000001357|| 
TRX|874|2120601|004|1|000003499|01|20260808|7F590435-3E40-4A38-8AA9-A04D79214CB5|0|11874004076120260708|S|||S|| 
INV|463926100016|1|000003499|000003499|1|0|| 
TRX|623|2653501|144|1|000022900|01|20260808|335A1DBA-4039-4137-BD91-769A8F4D1657|0|11623144909820260708|S|||S|N|623
INV|469570300017|1|000022900|000029900|1|000007000|| 
TRX|578|2733901|007|1|000044900|01|20260808|0044302D-34D4-4E00-8AA5-4E6508686547|0|11578007313520260708|S|||O|N|523
INV|469368500018|1|000044900|000051900|1|000007000|| 
TRX|821|2619801|117|1|000001199|01|20260808|BED53709-C36A-4A8F-B949-71EA9071ECC7|0|11821117103720260708|S|||S|| 
INV|469051000016|1|000001199|000001199|1|0|| 
TRX|811|2423101|105|2|000001198|01|20260808|E92FB2C9-7D2A-43F5-B9FE-F347E9F9BE43|0|11811105613720260708|S|||S|J| 
INV|413883800009|1|000000299|000000299|1|0|| 
INV|439335400009|1|000000899|000000899|2|0|| 
TRX|653|2264801|123|2|000034970|02|20260808|72814005-598C-4250-9B77-E55B9AAF1872|0|11653123940120260708|S|||S|N|653
INV|469266100013|1|000026900|000036900|1|000010000|| 
INV|463541900008|1|000008070|000008070|2|0|| 
TRX|651|2727701|160|1|000031700|02|20260808|D44B89D4-D27D-4DFD-8DB4-2E8DD9FA333F|0|11651160515820260708|S|||S|N|651
INV|414351800156|1|000031700|000042900|1|000011200|| 
TRX|540|2598401|062|1|000002499|01|20260808|CF732D84-D780-430B-9225-0053BB7C6E82|0|11540062980820260708|S|||S|| 
INV|463986700010|1|000002499|000002899|1|000000400|| 
TRX|636|1174001|130|2|000008998|02|20260808|FCFE36C2-2924-4857-9763-CBDD69482A03|0|11636130324320260708|S|||S|N|636
INV|464012600014|1|000004499|000006699|1|000002200|| 
INV|464012600014|1|000004499|000006699|2|000002200|| 
TRX|613|1648501|140|1|000006900|01|20260808|4E9BC0E0-C48D-4D0E-86CE-D16B44E84CD0|0|11613140025120260708|S|||S|N|613
INV|454209400015|1|000006900|000008900|1|000002000|| 
TRX|637|2331201|165|2|000008998|01|20260808|F6D3288F-75B1-407D-B351-1DE5D352DE80|0|11637165429720260708|S|||S|N|637
INV|464433700010|1|000003999|000003999|1|0|| 
INV|466793300015|1|000004999|000005399|2|000000400|| 
TRX|578|2733901|007|1|000089900|02|20260808|BB7AECC3-0889-441B-A3C8-771EA9DD9E62|0|11578007313820260708|S|||S|N|578
INV|468125900016|1|000089900|000160900|1|000071000|| 
TRX|555|2824001|032|1|000049500|02|20260808|3DBC5246-D6C0-4BB9-8E36-457D1221B022|0|11555032719320260708|S|||S|N|555
INV|460357800010|1|000049500|000070000|1|000020500|| 
TRX|835|2797801|017|2|000002098|01|20260808|83CFE934-5A37-4C79-B8A6-A3CA0082998B|0|11835017020520260708|S|||S|| 
INV|469051200010|1|000001199|000001199|1|0|| 
INV|439335400009|1|000000899|000000899|2|0|| 
TRX|540|2874701|055|1|000001999|01|20260808|63E76457-1C9C-468C-BEB3-9F1994794EF9|0|11540055992220260708|S|||S|| 
INV|469215000012|1|000001999|000002299|1|000000300|| 
TRX|539|2692301|024|1|000019900|01|20260808|53DA611D-F169-4A8B-AC7F-F41272E30A3E|0|11539024645720260708|S|||S|N|539
INV|439801400007|1|000019900|000025500|1|000005600|| 
TRX|682|2819501|183|1|000001999|01|20260808|5738785C-AA66-48E7-B7B0-75DD86F63A12|0|11682183619820260708|S|||S|N|682
INV|469215000012|1|000001999|000002299|1|000000300|| 
TRX|578|2186801|007|1|000079900|01|20260808|1FE19EDB-5662-4AC4-906E-1E77C16AE75C|0|11578007313720260708|S|||S|N|578
INV|461430200017|1|000079900|000094900|1|000015000|| 
TRX|810|2239901|179|2|000001175|01|20260808|3CD8C7E6-714C-4CD6-A060-B7061FDFABEF|0|11810179576820260708|S|||S|N| 
INV|459959000010|1|000000989|000001199|1|000000210|| 
INV|463542700003|1|000000186|000000186|2|0|| 
TRX|545|1076101|019|1|000046700|02|20260808|2D18ACA7-3058-4275-A7C1-44AD97AFA0AF|0|11545019214220260708|S|||S|N|545
INV|428889300002|1|000046700|000064900|1|000018200|| 
TRX|627|2431301|157|1|000008900|01|20260808|21031F45-C8C2-49EA-9A0A-3505306115C3|0|11627157321920260708|S|||S|N|627
INV|457460200011|1|000008900|000009900|1|000001000|| 
TRX|544|2108101|005|2|000076600|01|20260808|41716DF6-2DB1-4989-A3AB-6E1253458B32|0|11544005054420260708|S|||S|N|544
INV|462985700014|1|000036700|000058000|1|000021300|| 
INV|466013900018|1|000039900|000052900|2|000013000|| 
TRX|577|2699701|087|2|000045370|02|20260808|E7A91AD2-53C3-4D4F-8259-1B3128EA25DF|0|11577087902820260708|S|||S|N|577
INV|469266200010|1|000034900|000045900|1|000011000|| 
INV|463541900008|1|000010470|000010470|2|0|| 
TRX|841|2674901|119|1|000001499|01|20260808|F7BA2981-D79C-458B-BA2A-183BB133727F|0|11841119144820260708|S|||S|| 
INV|462470800014|1|000001499|000001499|1|0|| 
TRX|810|2239901|179|1|000000749|01|20260808|1451474D-6F65-4097-9F6E-A92C4322AF5E|0|11810179576720260708|S|||S|| 
INV|434020500002|1|000000749|000000749|1|0|| 
TRX|664|2278501|045|1|000013900|02|20260808|DE3CE325-9D22-4411-A4AF-EE3AE76B5B54|0|11664045656320260708|S|||S|N|664
INV|457683800012|1|000013900|000014900|1|000001000|| 
TRX|811|2423101|105|1|000007999|01|20260808|ACA93EFB-A853-4AD3-8D8A-81F958ABAA67|0|11811105613920260708|S|||S|| 
INV|471428500012|1|000007999|000009899|1|000001900|| 
TRX|841|2674901|119|1|000002999|01|20260808|36356229-ACEF-4990-854C-F115AA5D0757|0|11841119144520260708|S|||S|| 
INV|422434000003|1|000002999|000003499|1|000000500|| 
TRX|852|2846301|181|1|000001199|01|20260808|358FCA3B-1842-41C4-93EB-314A22DB342E|0|11852181261120260708|S|||S|| 
INV|453629000003|1|000001199|000001199|1|0|| 
TRX|678|2655701|164|1|000001599|01|20260808|9862132D-8200-4380-9BC9-56D5AA2B559D|0|11678164834520260708|S|||S|N|678
INV|471002400011|1|000001599|000002199|1|000000600|| 
TRX|539|2692301|024|1|000038900|02|20260808|FCDCD491-A9A0-41F5-A6FC-DD0145020747|0|11539024646020260708|S|||S|N|539
INV|469266300017|1|000038900|000054900|1|000016000|| 
TRX|535|1432701|081|2|000052515|02|20260808|64097D9D-9C87-471A-AB37-1824CBACC49F|0|11535081823020260708|S|||S|N|535
INV|469266300017|1|000038900|000054900|1|000016000|| 
INV|463542200008|1|000013615|000013615|2|0|| 
TRX|677|1661901|026|4|000047900|02|20260808|23B4A4B2-F576-474F-84D4-AFF10844AEB5|0|11677026757920260708|S|||S|N|677
INV|472465400013|1|000047600|000059900|1|000012300|| 
INV|473048000019|3|000000300|000000100|2|0|| 
TRX|558|1501301|188|3|000002497|01|20260808|C5EED0DA-51B4-4562-BABF-97E1E6A3F610|0|11558188804320260708|S|||S|N| 
INV|458146700016|1|000000599|000000599|1|0|| 
INV|457032500013|1|000000799|000000799|2|0|| 
INV|457032700017|1|000001099|000001099|3|0|| 
TRX|528|2742501|070|1|000006900|01|20260808|1152807000009655|0|11528070951320260708|R|11528070920020260704|528|S|N| 
INV|425958700008|1|000006900|000007900|1|000001000|| 
TRX|677|1661901|026|2|000020115|02|20260808|1D3FBE5A-9DB6-46F3-A1B3-4173565C8570|0|11677026758020260708|S|||S|N|677
INV|467183700019|1|000014900|000019900|1|000005000|| 
INV|463542200008|1|000005215|000005215|2|0|| 
TRX|670|2584901|066|5|000035800|02|20260808|E21DC444-6CF4-4D80-B16C-5C494685AAC1|0|11670066160320260708|S|||S|N|670
INV|471111900013|1|000019600|000024900|1|000005300|| 
INV|470897600018|1|000015900|000019900|2|000004000|| 
INV|473048000019|3|000000300|000000100|3|0|| 
TRX|653|2264801|123|2|000055800|01|20260808|512E1C36-FDBC-4EA0-A8C0-6D9599B6915B|0|11653123940520260708|S|||S|J|653
INV|469415700019|1|000012900|000013900|1|000001000|| 
INV|471257000011|1|000042900|000065000|2|000022100|| 
TRX|560|2414101|189|1|000002500|01|20260808|3B63204E-56B4-4DCB-818C-1278B3723DBF|0|11560189676720260708|S|||S|| 
INV|424596800002|1|000002500|000004500|1|000002000|| 
TRX|841|2674901|119|1|000001999|01|20260808|7F002DC7-381C-46CC-A614-F7F91A9C5CBD|0|11841119144620260708|S|||S|| 
INV|463048200014|1|000001999|000002499|1|000000500|| 
TRX|517|2646001|063|1|000086700|01|20260808|8C922FAF-C08F-4357-B33E-883135999EE5|0|11517063443220260708|S|||S|N|517
INV|461695900011|1|000086700|000110000|1|000023300|| 
TRX|549|2822701|175|1|000031700|01|20260808|ADA4B748-59BB-4B39-B64D-756117D10E3C|0|11549175534520260708|S|||S|N|549
INV|414351800156|1|000031700|000042900|1|000011200|| 
TRX|528|2742501|070|1|000012900|01|20260808|5845B9A7-55B2-4252-9499-09528D25897B|0|11528070952020260708|S|||O|N|523
INV|470870800015|1|000012900|000015900|1|000003000|| 
TRX|623|2653501|144|1|000001599|01|20260808|103DB71A-2291-44CA-AA34-65EAC786F255|0|11623144910220260708|S|||S|N|623
INV|470403500016|1|000001599|000002199|1|000000600|| 
TRX|861|2350001|120|1|000012900|01|20260808|42BE1D81-A013-4522-A294-4D817D19347D|0|11861120614120260708|S|||O|N|823
INV|470574600010|1|000012900|000018900|1|000006000|| 
TRX|528|2742501|070|1|000038700|01|20260808|218EB19F-6A32-4222-A6E1-8FB3F7D2E8EE|0|11528070951720260708|S|||S|N|528
INV|471312600002|1|000038700|000052900|1|000014200|| 
TRX|830|2284301|106|17|000016983|01|20260808|9EF03DAA-3478-4925-9AD4-20D8D8D6CAEE|0|11830106554420260708|S|||S|| 
INV|427426200003|17|000016983|000000999|1|0|| 
TRX|811|2423101|105|4|000013996|01|20260808|1BC9E47F-7557-4E73-A8A6-F4BC33F10BFA|0|11811105613820260708|S|||S|J| 
INV|461607800019|2|000011998|000005999|1|0|| 
INV|437472600009|2|000001998|000000999|2|0|| 
TRX|511|1006401|006|1|000126900|01|20260808|1509C5EB-CD80-4593-9FB9-053CC07D8465|0|11511006606120260708|S|||S|J|511
INV|473047500015|1|000126900|000126900|1|0|| 
TRX|874|2120601|004|2|000029498|01|20260808|2975C27F-C0A4-4ADC-8F81-A9BFFF91D21D|0|11874004076020260708|S|||S|J| 
INV|456176200018|1|000020999|000029900|1|000008901|| 
INV|455732900010|1|000008499|000008499|2|0|| 
TRX|673|2605601|133|3|000002993|01|20260808|52C2CE5C-E340-45DD-A507-7CB5E23A1E7A|0|11673133993520260708|S|||S|N|673
INV|458146700016|1|000000599|000000700|1|000000101|| 
INV|457032600010|1|000000899|000001100|2|000000201|| 
INV|469336400012|1|000001495|000001899|3|000000404|| 
TRX|552|2615201|083|1|000015900|01|20260808|E82E2B12-C3C6-4F39-ABDF-C7415504C353|0|11552083299720260708|S|||S|N|552
INV|432118700006|1|000015900|000017900|1|000002000|| 
TRX|831|2852101|114|4|000005196|01|20260808|AFDA2A5A-D7CB-4B05-98E4-D76304001A1A|0|11831114294120260708|S|||S|J| 
INV|463048200014|1|000002499|000002499|1|0|| 
INV|439335400009|3|000002697|000000899|2|0|| 
TRX|872|2734501|001|1|000004499|01|20260808|2D254020-58C0-4F73-B599-3F7336931502|0|11872001580820260708|S|||S|N| 
INV|461195600015|1|000004499|000004499|1|0|| 
TRX|642|2756701|173|1|000047900|01|20260808|23C3DE26-97A1-4E3B-B403-E69E7C3666CF|0|11642173466220260708|S|||S|N|642
INV|472465300016|1|000047900|000059900|1|000012000|| 
TRX|636|2653201|130|1|000007900|02|20260808|2F85CB29-8D74-4D85-9CD5-90DB5330C7E9|0|11636130324220260708|S|||S|N|636
INV|456204800012|1|000007900|000009900|1|000002000|| 
TRX|841|2674901|119|1|000002499|01|20260808|F6C122A1-C26B-4BC3-8EB5-51CA64541FC1|0|11841119144720260708|S|||S|| 
INV|463926200013|1|000002499|000002999|1|000000500|| 
TRX|571|1045401|075|1|000002495|01|20260808|AF72C0DD-8D22-42F6-B4B0-22D7B0EF3ADD|0|11571075778020260708|S|||S|N|571
INV|463979200015|1|000002495|000003999|1|000001504|| 
TRX|852|2846301|181|1|000000999|01|20260808|AEA47D8F-5C47-462B-89DB-07E328FD9A11|0|11852181261220260708|S|||S|J|852
INV|427426200003|1|000000999|000000999|1|0|| 
TRX|820|1391101|180|1|000000349|01|20260808|1000E3A4-E3EA-4A6C-B723-F407BA99412B|0|11820180453720260708|S|||S||820
INV|497864100005|1|000000349|000000349|1|0|| 
TRX|861|2350001|120|1|000000799|01|20260808|2BA5E0EA-7EDC-4BCD-B06F-BB8DD0E86288|0|11861120614020260708|S|||S|| 
INV|419303600006|1|000000799|000000799|1|0|| 
TRX|545|2757101|019|1|000017900|02|20260808|1EDE5ED6-5D2D-48FB-A589-343EFFB89ADB|0|11545019213920260708|S|||S|N|545
INV|470338700017|1|000017900|000017900|1|0|| 
TRX|614|1362201|161|1|000019700|01|20260808|0377351E-4863-48CF-AFBE-6F5173E24D63|0|11614161244820260708|S|||S|N|614
INV|470057500011|1|000019700|000042000|1|000022300|| 
TRX|516|2356801|086|2|000001798|01|20260808|6FCDA4EC-29C4-4E63-A720-178C27A29234|0|11516086170720260708|S|||S|N|516
INV|458146700016|1|000000599|000000599|1|0|| 
INV|457032800014|1|000001199|000001199|2|0|| 
TRX|815|2583101|125|1|000001199|01|20260808|584E6892-3FBF-4642-9A42-79C280FC2F80|0|11815125355120260708|S|||S|N| 
INV|469051500011|1|000001199|000001199|1|0|| 
TRX|552|2615201|083|1|000050900|01|20260808|CE33CB68-F695-44F3-9651-90952CAF5108|0|11552083300120260708|S|||O|N|523
INV|455635100012|1|000050900|000059900|1|000009000|| 
TRX|851|2773101|109|1|000000799|01|20260808|0F17EF52-D9B1-428D-AF83-92E7177DF9D9|0|11851109743320260708|S|||S|| 
INV|425354800005|1|000000799|000000999|1|000000200|| 
TRX|872|2734501|001|1|000008900|01|20260808|7979B3CE-B9E8-4C63-873E-89F4A9B5084C|0|11872001580720260708|S|||S|N| 
INV|466672300013|1|000008900|000014900|1|000006000|| 
TRX|821|2619801|117|2|000031900|01|20260808|0589F6F4-4E54-43F3-8B0F-94DB06A5A0F3|0|11821117104220260708|S|||S|N|821
INV|462471800013|1|000030101|000059900|1|000029799|| 
INV|454788900012|1|000001799|000001799|2|0|| 
TRX|574|2577601|005|1|000003299|01|20260808|00CB1D64-CC31-460D-8748-3FE1F5367BBC|0|11574005590620260708|S|||S|N|574
INV|469822000016|1|000003299|000003299|1|0|| 
TRX|635|2867601|158|2|000124900|01|20260808|4C1566BF-B704-4909-90F8-24BEC4D3BE17|0|11635158652120260708|S|||S|N|635
INV|468887700015|1|000120901|000144900|1|000023999|| 
INV|470429900012|1|000003999|000003999|2|0|| 
TRX|517|2646001|063|1|000046900|01|20260808|1151706300007536|0|11517063443420260708|R|11517063414820260705|517|S|N| 
INV|455831000017|1|000046900|000059900|1|000013000|| 
TRX|696|2861701|010|1|000029900|02|20260808|6273223D-8B0B-46A2-8B4F-F25849435779|0|11696010679320260708|S|||S|N|696
INV|468807700019|1|000029900|000046900|1|000017000|| 
TRX|528|2742501|070|1|000008900|01|20260808|2235DD9C-4FD3-4CB2-BF61-70E927C3CD5A|0|11528070952120260708|S|||S|N|528
INV|456204800012|1|000008900|000009900|1|000001000|| 
TRX|533|2746601|009|1|000005499|01|20260808|ED2D20F4-1D7A-4DE1-8310-64C681A5F16C|0|11533009436720260708|S|||S|N|533
INV|462648600019|1|000005499|000006999|1|000001500|| 
TRX|655|2328701|142|1|000006900|01|20260808|454C8102-0450-4FDF-A18B-6E7F096CADBC|0|11655142494420260708|S|||S|N|655
INV|425958700008|1|000006900|000007900|1|000001000|| 
TRX|825|2536501|199|1|000004499|01|20260808|51F09E97-7F58-481C-9F15-150569DC02C5|0|11825199131320260708|S|||S|| 
INV|461141400010|1|000004499|000004499|1|0|| 
TRX|821|2619801|117|1|000000899|01|20260808|FBA3C646-1E5B-4968-8316-0A14FF320D1E|0|11821117104520260708|S|||S|| 
INV|427425800006|1|000000899|000000899|1|0|| 
TRX|852|2453201|181|1|000000599|01|20260808|17831EC4-82FD-48A9-ABAF-13EBBD56EF68|0|11852181261420260708|S|||S|| 
INV|417673200000|1|000000599|000000599|1|0|| 
TRX|571|1045401|075|2|000009799|01|20260808|771FDCF1-C395-4D29-AB58-0415A6D2A837|0|11571075777620260708|S|||O|N|523
INV|425958700008|1|000006900|000007900|1|000001000|| 
INV|458656800015|1|000002899|000002899|2|0|| 
TRX|856|2612501|006|1|000000299|01|20260808|10F4537E-B61F-4509-939F-685280922BDB|0|11856006204320260708|S|||S|J| 
INV|421849900007|1|000000299|000000299|1|0|| 
TRX|821|2619801|117|1|000005999|01|20260808|5E3C276D-F84B-4B7C-A26B-B3B5D39ACC6E|0|11821117103620260708|S|||S|N| 
INV|467346600019|1|000005999|000005999|1|0|| 
TRX|574|2750701|005|1|000004599|01|20260808|E3EEF0FC-B818-40BC-AE07-A431A258EE0D|0|11574005590520260708|S|||S|| 
INV|469677200012|1|000004599|000004999|1|000000400|| 
TRX|558|1501301|188|1|000051900|01|20260808|B17E5C8B-06A3-41E0-A718-99D72F40099C|0|11558188803820260708|S|||S|N|558
INV|467293400014|1|000051900|000080000|1|000028100|| 
TRX|660|2613001|167|1|000045900|02|20260808|7E48725C-B456-4678-88FE-AB9E533AD354|0|11660167710420260708|S|||S|N|660
INV|461772000016|1|000045900|000061900|1|000016000|| 
TRX|660|2613001|167|1|000029900|02|20260808|0FE6D74F-C28E-47D8-A294-EC82CAD3397A|0|11660167710520260708|S|||S|N|660
INV|469365600018|1|000029900|000035900|1|000006000|| 
TRX|636|2653201|130|5|000108600|02|20260808|91145E25-E0E0-4D21-8EF8-4D8710F26420|0|11636130324120260708|S|||S|N|636
INV|468955100013|1|000058600|000074900|1|000016300|| 
INV|473048000019|3|000000300|000000100|2|0|| 
INV|471314600000|1|000049700|000072900|3|000023200|| 
TRX|661|2495501|007|1|000038900|01|20260808|2B1CACC1-9541-4717-8A5B-A2F07F377EAB|0|11661007150420260708|S|||S|N|661
INV|468888700014|1|000038900|000043900|1|000005000|| 
TRX|555|2824001|032|2|000045471|02|20260808|35A812AF-8583-4047-BE96-29355C6A854B|0|11555032719220260708|S|||S|N|555
INV|467987600010|1|000033900|000049900|1|000016000|| 
INV|463541900008|1|000011571|000011571|2|0|| 
TRX|519|2256701|074|1|000001599|01|20260808|71120B9D-B56F-4CAD-AF60-07FCD6163A7F|0|11519074113820260708|S|||S|N|519
INV|470403700010|1|000001599|000002199|1|000000600|| 
TRX|554|2792401|048|2|000043400|02|20260808|B7540B3B-036B-450A-B444-6E8283934FE8|0|11554048570520260708|S|||S|N|554
INV|414351600145|1|000021700|000029900|1|000008200|| 
INV|414351600145|1|000021700|000029900|2|000008200|| 
TRX|523|2575801|026|1|000019700|01|20260808|B4B21AB0-E0CE-460C-A31F-18E58BD1DB5F|0|11523026337120260708|S|||O|N|523
INV|470057500011|1|000019700|000042000|1|000022300|| 
