HDR|08|11|00001
TRX|528|2098901|002|88|004774875|01|20260812|06FE9E04-66C8-47AB-BB5B-A452E40CD066|0|11528002846820260512|S|||S|N| 
INV|462290500019|15|001783725|000139900|1|000314775|| 
INV|462801200018|18|000660150|000072900|2|000652050|| 
INV|487468100006|20|001498000|000085000|3|000202000|| 
INV|461431200016|35|000833000|000036900|4|000458500|| 
TRX|528|2430001|002|83|000924088|01|20260812|EC677032-E42A-4D22-8DD8-079D90416596|0|11528002846920260512|R|11528042380320260510|528|S|J| 
INV|457684000015|12|000069588|000005799|1|0|| 
INV|420765600169|5|000190000|000038000|2|0|| 
INV|461431200016|5|000164500|000036900|3|000020000|| 
INV|461220000018|50|000115000|000002300|4|0|| 
INV|418555100005|11|000385000|000035000|5|0|| 
TRX|528|2585701|042|19|000065583|01|20260812|F8478755-9940-47AF-9717-FC8F5783BAFF|0|11528042392420260512|S|||S|J| 
INV|457032800014|12|000014388|000001199|1|0|| 
INV|457032600010|1|000000899|000000899|2|0|| 
INV|457032700017|1|000000599|000001099|3|000000500|| 
INV|457032500013|1|000000799|000000799|4|0|| 
INV|458146700016|1|000000599|000000599|5|0|| 
INV|458146800013|1|000001299|000001299|6|0|| 
INV|430875500006|1|000044500|000044500|7|0|| 
INV|457476800014|1|000002500|000002500|8|0|| 
TRX|528|2098901|042|2|000074420|02|20260812|1632E1C4-59AC-4DF3-B771-4DEF529ED54E|0|11528042392120260512|S|||S|N|528
INV|462801200018|1|000048900|000072900|1|000024000|| 
INV|463541900008|1|000025520|000025520|2|0|| 
TRX|528|2098901|042|38|000540250|01|20260812|C741F755-71AA-4052-ADA8-83F111FAE38C|0|11528042392220260512|S|||S|N| 
INV|426935200009|5|000268375|000056500|1|000014125|| 
INV|468652400010|8|000239400|000031500|2|000012600|| 
INV|458146800013|25|000032475|000001299|3|0|| 
