HDR|08|11|00001
TRX|528|2430001|002|3|000069725|01|20260812|8380CA76-EA55-4ECA-A6B3-AB71253CBD3A|0|11528002847320260512|S|||S|N| 
INV|462801200018|1|000040666|000072900|1|000032234|| 
INV|463542200008|1|000028160|000028160|2|0|| 
INV|457032600010|1|000000899|000000899|3|0|| 
TRX|528|2585701|042|1|000002099|01|20260812|1152804200000314|0|11528042393420260512|R|11528042393320260512|528|S|N| 
INV|457032900011|1|000002099|000002099|1|0|| 
TRX|528|2585701|042|2|000067500|02|20260812|66CA71E3-6F5A-46BB-81E0-B0C3569B343E|0|11528042394320260512|S|||S|N|528
INV|427883800006|1|000045900|000053900|1|000008000|| 
INV|463542200008|1|000021600|000021600|2|0|| 
TRX|528|2585701|042|1|000039500|01|20260812|DC8E357F-9778-47D9-936E-66E2DC5B8E50|0|11528042393720260512|S|||S|N| 
INV|462674200016|1|000039500|000039500|1|0|| 
TRX|528|2585701|042|1|000002099|01|20260812|6352EF76-E527-40A1-9E9B-48A40B8D6E23|0|11528042393320260512|S|||S|N| 
INV|457032900011|1|000002099|000002099|1|0|| 
TRX|528|2585701|042|2|000044965|02|20260812|AF739334-F8B1-4A8C-AB4B-8BCD83EA71E4|0|11528042394220260512|S|||S|N|528
INV|418555100005|1|000029750|000035000|1|000005250|| 
INV|468956300016|1|000015215|000021900|2|000006685|| 
TRX|623|2010040|044|2|000019137|01|20260809|AB746F7E-5E73-402E-B19A-F1732E9B1E46|0|11623044268720260409|S|||S|N|623
INV|463715400013|1|000015200|000016000|1|000000800|| 
INV|463542000004|1|000003937|000003937|2|0|| 
TRX|623|2010040|044|7|000295530|02|20260809|6150AB9C-8F4B-47A7-9569-C0B17087074E|0|11623044268620260409|S|||S|N|623
INV|455835500018|1|000104000|000104000|1|0|| 
INV|456149900013|4|000178000|000044500|2|0|| 
INV|463185300011|1|000011000|000011000|3|0|| 
INV|463541700004|1|000002530|000002530|4|0|| 
TRX|528|2585701|042|1|000011850|01|20260812|8A26914D-2D9D-4BC2-807D-A630E3D55D11|0|11528042393820260512|S|||S|N| 
INV|463542200008|1|000011850|000011850|1|0|| 
TRX|528|2585701|042|1|000046700|02|20260812|DFFF8457-C8BC-4951-84A1-FBBC8A23ABF4|0|11528042393220260512|S|||S|N|528
INV|496063600002|1|000046700|000046700|1|0|| 
TRX|528|2585701|042|3|000313215|02|20260812|8D7ED338-6B81-4CE2-90A5-8725BA447FE6|0|11528042394420260512|S|||S|N|528
INV|462751100017|3|000313215|000109900|1|000016485|| 
TRX|528|2585701|042|1|000109900|02|20260812|1F98021F-D595-4C08-862E-D83D69341C90|0|11528042393120260512|S|||S|N|528
INV|462751100017|1|000109900|000109900|1|0|| 
TRX|528|2585701|042|3|000094665|01|20260812|9D22C345-C482-443A-9745-A135A6266DB1|0|11528042393620260512|S|||S|N| 
INV|430875500006|1|000044500|000044500|1|0|| 
INV|462674200016|1|000039500|000039500|2|0|| 
INV|463542200008|1|000010665|000011850|3|000001185|| 
