HDR|08|11|00001
TRX|528|2430001|042|4|000233700|02|20260815|5010753D-B2A2-4530-B9ED-3B8E1EBE05D6|0|11528042401920260515|S|||S|N|528
INV|457574400017|1|000020900|000024900|1|000004000|| 
INV|463542200008|1|000009000|000009000|2|0|| 
INV|466968300017|1|000182900|000209900|3|000027000|| 
INV|457574400017|1|000020900|000024900|4|000004000|| 
TRX|528|2430001|042|2|000088515|01|20260815|DC0CE97F-4FA3-4542-9B1D-645C411A5CB6|0|11528042401620260515|S|||S|N|528
INV|462751100017|1|000061500|000089900|1|000028400|| 
INV|463542200008|1|000027015|000029015|2|000002000|| 
TRX|528|2430001|042|1|000046700|01|20260815|AEC566BC-7B23-420A-B344-EF269F800C7C|0|11528042402020260515|S|||S|N|528
INV|496063600002|1|000046700|000046700|1|0|| 
TRX|528|2430001|042|2|000086492|01|20260815|871E11EF-FD42-43C7-9F1E-B276D6322FCC|0|11528042401520260515|S|||S|N|528
INV|432061500005|1|000066215|000069700|1|000003485|| 
INV|463542200008|1|000020277|000021344|2|000001067|| 
TRX|528|2430001|042|2|000002898|01|20260815|8115ECFD-5D86-476F-969D-E73C90F53849|0|11528042401720260515|S|||S|N| 
INV|457032500013|1|000000799|000000799|1|0|| 
INV|457032900011|1|000002099|000002099|2|0|| 
TRX|528|2430001|042|1|000014944|01|20260815|8811BD42-0853-4432-8171-9391C03A7F43|0|11528042402120260515|S|||S|N|528
INV|463542200008|1|000014944|000014944|1|0|| 
TRX|623|2010040|007|2|000070425|02|20260809|D0D5A884-2241-4D82-AFA8-71C7A41B85DE|0|11623007002620260409|S|||S|N|623
INV|462458000016|1|000055500|000055500|1|0|| 
INV|463541700004|1|000014925|000014925|2|0|| 
