HDR|08|11|00001
TRX|528|2430001|042|6|000199214|01|20260815|1723B9C8-6282-4842-BFA7-E6B49C21B38F|0|11528042402820260515|S|||S|N|528
INV|496063600002|1|000046700|000046700|1|0|| 
INV|463542200008|1|000014944|000014944|2|0|| 
INV|462751100017|1|000064500|000089900|3|000025400|| 
INV|463541900008|1|000024870|000024870|4|0|| 
INV|420765600169|1|000038000|000038000|5|0|| 
INV|463542200008|1|000010200|000010200|6|0|| 
TRX|528|2430001|042|1|000042275|01|20260815|CDC05A5C-CC09-4C46-8E8F-64C44ED6A915|0|11528042403720260515|S|||S|J| 
INV|430875500006|1|000042275|000044500|1|000002225|| 
TRX|528|2430001|042|2|000048200|01|20260815|81A98922-2333-4666-B076-19F67F1385D2|0|11528042403120260515|S|||S|N|528
INV|420765600169|1|000038000|000038000|1|0|| 
INV|463542200008|1|000010200|000010200|2|0|| 
TRX|528|2430001|042|3|000096986|01|20260815|3DB7E0A6-1393-4565-ADB3-637FCF687BDF|0|11528042403520260515|S|||S|N|528
INV|461431200016|1|000032900|000036900|1|000004000|| 
INV|463542200008|1|000011186|000011186|2|0|| 
INV|468006200013|1|000052900|000069900|3|000017000|| 
TRX|528|2430001|042|165|004950500|01|20260815|97E6DF6F-03A4-4B3E-9501-416C0C7E191B|0|11528042403420260515|S|||S|N| 
INV|477123400008|20|001298000|000064900|1|0|| 
INV|440123400002|95|001852500|000019500|2|0|| 
INV|462123400011|50|001800000|000036000|3|0|| 
TRX|528|2430001|042|98|000078737|01|20260815|23347039-B0FA-4F2C-8214-048B2898AAD6|0|11528042402720260515|S|||S|N| 
INV|457032500013|96|000076704|000000799|1|0|| 
INV|457032500013|1|000000799|000000799|2|0|| 
INV|458146800013|1|000001234|000001299|3|000000065|| 
TRX|528|2430001|042|3|000127925|02|20260815|4AF4CE9D-CE58-4023-A1F3-027A2F227E75|0|11528042403320260515|R|11528042388320260511|528|S|J| 
INV|462751100017|1|000092910|000109900|1|000016990|| 
INV|463542200008|1|000029015|000029015|2|0|| 
INV|495307300005|1|000006000|000006000|3|0|| 
TRX|528|2430001|042|1|000042275|01|20260815|1152804200000323|0|11528042403820260515|R|11528042403720260515|528|S|J| 
INV|430875500006|1|000042275|000044500|1|000002225|| 
TRX|528|2430001|042|20|000098000|01|20260815|103DEA40-7285-4E41-A610-888C2ADE234A|0|11528042403020260515|S|||S|N| 
INV|427798200007|20|000098000|000004900|1|0|| 
TRX|528|2430001|042|4|000187086|01|20260815|0A63631F-BE30-48C5-A402-B3CD8774D0D0|0|11528042403620260515|S|||S|N|528
INV|426953100008|1|000110000|000110000|1|0|| 
INV|463542200008|1|000033000|000033000|2|0|| 
INV|461431200016|1|000032900|000036900|3|000004000|| 
INV|463542200008|1|000011186|000011186|4|0|| 
TRX|528|2430001|002|1|000038000|01|20260815|B749DA2F-81EF-4894-9FB7-F84E8080BD57|0|11528002853120260515|S|||S|N| 
INV|420765600169|1|000038000|000038000|1|0|| 
TRX|528|2430001|042|3|000065501|02|20260815|1152804200000322|0|11528042402920260515|R|11528002844120260511|528|S|J| 
INV|462801200018|1|000040070|000072900|1|000032830|| 
INV|463542200008|1|000023936|000028160|2|000004224|| 
INV|477154200004|1|000001495|000001495|3|0|| 
TRX|528|2430001|002|1|000085000|01|20260815|27E07E42-B346-4280-B8DF-4E7A520D9BCB|0|11528002853020260515|S|||S|N| 
INV|487468100006|1|000085000|000085000|1|0|| 
TRX|528|2430001|042|2|000052304|01|20260815|FE3BEC31-E777-4053-8124-9945D41768CD|0|11528042403920260515|S|||S|N|528
INV|496063600002|1|000037360|000046700|1|000009340|| 
INV|463542200008|1|000014944|000014944|2|0|| 
TRX|528|2430001|042|2|000061644|01|20260815|A9B0FD06-DA76-4AC1-9725-579B800D4054|0|11528042404020260515|S|||S|N|528
INV|496063600002|1|000046700|000046700|1|0|| 
INV|463542200008|1|000014944|000014944|2|0|| 
