HDR|08|11|00001
TRX|528|2430001|002|2|000067500|02|20260815|1152800200000459|0|11528002853420260515|R|11528042394320260512|528|S|N| 
INV|427883800006|1|000045900|000053900|1|000008000|| 
INV|463542200008|1|000021600|000021600|2|0|| 
TRX|528|2430001|002|2|000048200|01|20260815|1152800200000458|0|11528002853320260515|R|11528042403120260515|528|S|N| 
INV|420765600169|1|000038000|000038000|1|0|| 
INV|463542200008|1|000010200|000010200|2|0|| 
TRX|528|2430001|042|1|000021344|01|20260815|1152804200000324|0|11528042404520260515|R|11528042404420260515|528|S|N| 
INV|463542200008|1|000021344|000021344|1|0|| 
TRX|528|2430001|042|1|000069700|01|20260815|BEAF6BBC-9C49-46AB-9E87-CE367D112274|0|11528042404320260515|S|||S|N|528
INV|432061500005|1|000069700|000069700|1|0|| 
TRX|528|2430001|042|1|000051900|01|20260815|478F9CE5-67DF-47AA-91AA-3829A6A0A66C|0|11528042404120260515|S|||S|N|528
INV|470223700016|1|000051900|000065900|1|000014000|| 
TRX|528|2430001|042|1|000021344|01|20260815|4F94026E-09F4-4069-A696-A19E3667ED28|0|11528042404420260515|S|||S|N|528
INV|463542200008|1|000021344|000021344|1|0|| 
