HDR|08|11|00001
TRX|528|2430001|042|88|004774875|01|20260815|B2F70552-6419-4ABB-B995-B804D0D6142B|0|11528042397520260515|R|11528002846820260512|528|S|N| 
INV|462290500019|15|001783725|000139900|1|000314775|| 
INV|462801200018|18|000660150|000072900|2|000652050|| 
INV|487468100006|20|001498000|000085000|3|000202000|| 
INV|461431200016|35|000833000|000036900|4|000458500|| 
TRX|528|2430001|042|13|000161850|01|20260815|C8C97356-7FFF-4865-8891-DC337BDAEFC6|0|11528042397820260515|S|||S|N| 
INV|430875500006|1|000044500|000044500|1|0|| 
INV|468652400010|1|000028350|000031500|2|000003150|| 
INV|427798200007|10|000049000|000004900|3|0|| 
INV|456497400012|1|000040000|000040000|4|0|| 
TRX|528|2430001|042|1|000159900|01|20260815|EC7A156B-236D-4D7E-8729-2B64A06D0CF5|0|11528042397920260515|S|||S|N| 
INV|470525400010|1|000159900|000159900|1|0|| 
TRX|528|2430001|002|1|000118915|01|20260815|ECDFBCB0-884F-4398-B04F-D21A56456A1C|0|11528002850020260515|S|||S|N| 
INV|462290500019|1|000118915|000139900|1|000020985|| 
TRX|528|2430001|002|4|000096400|02|20260815|176ED956-953E-4327-923A-2556E70F8C64|0|11528002849720260515|S|||S|N|528
INV|420765600169|1|000038000|000038000|1|0|| 
INV|463542200008|1|000010200|000010200|2|0|| 
INV|420765600169|1|000038000|000038000|3|0|| 
INV|463542200008|1|000010200|000010200|4|0|| 
TRX|528|2430001|042|20|000890000|01|20260815|FFF42492-E9BB-45BD-921F-D29DF3568875|0|11528042397420260515|S|||S|J| 
INV|430875500006|20|000890000|000044500|1|0|| 
TRX|528|2430001|042|3|000155400|01|20260815|45FADB98-3334-4E86-8DD1-132AEB52F88E|0|11528042397720260515|S|||S|N|528
INV|468026200017|1|000044900|000050900|1|000006000|| 
INV|487468200003|1|000085000|000085000|2|0|| 
INV|463542200008|1|000025500|000025500|3|0|| 
TRX|528|2430001|002|1|000045400|01|20260815|ECD86535-1854-4AA1-AF3A-B925AE66CD64|0|11528002849920260515|S|||S|N| 
INV|462801200018|1|000045400|000072900|1|000027500|| 
TRX|528|2430001|042|10|000445000|01|20260815|8D41B91A-93C3-412B-90A6-CCDDB9ADE13A|0|11528042397620260515|S|||S|N| 
INV|430875500006|10|000445000|000044500|1|0|| 
