HDR|08|11|00001
TRX|528|2430001|002|1|000135920|01|20260817|BA60CB2E-EA8B-4ED2-9A32-66E304A623CC|0|11528002859920260517|S|||S|N| 
INV|459502600018|1|000135920|000169900|1|000033980|| 
TRX|528|2430001|002|1|000134825|01|20260817|CC18E7AB-7474-4B44-BCE9-7B5EB2CED9F6|0|11528002860020260517|S|||S|N| 
INV|459502600018|1|000134825|000169900|1|000035075|| 
TRX|528|2430001|002|1|000030400|01|20260817|793448D3-9E45-491F-B0BA-F8AB9924FF26|0|11528002859620260517|S|||S|N| 
INV|420765600169|1|000030400|000038000|1|000007600|| 
TRX|528|2430001|042|1400|028539300|01|20260817|A9C1D66E-3180-4F60-A7A3-BD1939BCED85|0|11528042411420260517|S|||S|N| 
INV|458146800013|300|000389700|000001299|1|0|| 
INV|461431200016|300|009870000|000036900|2|001200000|| 
INV|430875500006|400|017800000|000044500|3|0|| 
INV|457032800014|400|000479600|000001199|4|0|| 
TRX|528|2430001|042|3|000063257|02|20260817|B7037FB4-1705-41CA-A131-EEF5D1BC264E|0|11528042411220260517|S|||S|J|528
INV|462801200018|1|000035365|000072900|1|000037535|| 
INV|463541900008|1|000021692|000025520|2|000003828|| 
INV|429788200004|1|000006200|000006200|3|0|| 
TRX|528|2430001|042|1|000303905|02|20260817|EF4FBDEA-634E-40A5-854B-E437C3DF08BD|0|11528042411120260517|S|||S|N|528
INV|465336700015|1|000303905|000319900|1|000015995|| 
TRX|528|2430001|002|1|000007980|01|20260817|6F0E3CD9-49FE-4186-9584-F590AE297E08|0|11528002859720260517|S|||S|N|528
INV|457746500019|1|000007980|000007980|1|0|| 
TRX|528|2430001|002|3|000339365|02|20260817|F33E865B-04B0-4235-8786-5E943EB536E5|0|11528002859820260517|S|||S|N|528
INV|459502600018|1|000144900|000169900|1|000025000|| 
INV|463542200008|1|000059465|000059465|2|0|| 
INV|456763000014|1|000135000|000135000|3|0|| 
TRX|528|2430001|042|100|000950000|01|20260817|A275A3A4-ED04-4AD0-A804-335A3B9C2AE1|0|11528042411320260517|S|||S|N| 
INV|451585900009|100|000950000|000009500|1|0|| 
