HDR|08|11|00001
TRX|528|2430001|042|1|000032900|01|20260815|D1347BEB-935A-4891-BEE0-D23ADF672B88|0|11528042406720260515|S|||S|N| 
INV|461431200016|1|000032900|000036900|1|000004000|| 
TRX|528|2430001|002|2|000042967|01|20260815|04B6E861-355E-4666-A39F-F21648EE0173|0|11528002856520260515|S|||S|N|528
INV|461431200016|1|000032900|000036900|1|000004000|| 
INV|463542200008|1|000010067|000011186|2|000001119|| 
TRX|528|2430001|042|3|000257800|01|20260815|6E61438C-C022-4625-9E39-32EE66F85742|0|11528042406920260515|S|||S|N| 
INV|487468100006|1|000085000|000085000|1|0|| 
INV|461431200016|1|000032900|000036900|2|000004000|| 
INV|462290500019|1|000139900|000139900|3|0|| 
TRX|528|2430001|042|3|000225699|01|20260815|EF6B9FE2-4E15-411B-AC51-75DEAAFF39D3|0|11528042406820260515|S|||S|N| 
INV|487468100006|1|000085000|000085000|1|0|| 
INV|457032500013|1|000000799|000000799|2|0|| 
INV|462290500019|1|000139900|000139900|3|0|| 
TRX|528|2430001|002|3|000061644|01|20260815|634A4C94-896D-4319-82C4-165FB58325B9|0|11528002856320260515|S|||S|N|528
INV|496063600002|1|000045200|000046700|1|000001500|| 
INV|463542200008|1|000014944|000014944|2|0|| 
INV|474435300002|1|000001500|000001500|3|0|| 
TRX|528|2430001|002|3|000093586|01|20260815|62C28B5E-F047-42EE-A47A-2B155CE6E97A|0|11528002856420260515|S|||S|J|528
INV|461431200016|1|000032900|000036900|1|000004000|| 
INV|463542200008|1|000011186|000011186|2|0|| 
INV|462552100018|1|000049500|000049500|3|0|| 
TRX|528|2430001|042|3|000257800|01|20260815|D790A89F-9159-4430-885A-44FE1D7FB826|0|11528042407020260515|S|||S|N| 
INV|487468100006|1|000085000|000085000|1|0|| 
INV|461431200016|1|000032900|000036900|2|000004000|| 
INV|462290500019|1|000139900|000139900|3|0|| 
TRX|528|2430001|002|1|000036900|01|20260815|F305B550-CE41-493B-80BA-D4ABA22F4254|0|11528002856120260515|S|||O|N|523
INV|468955800012|1|000036900|000049900|1|000013000|| 
TRX|528|2430001|042|2|000038599|01|20260815|9A55E2A0-14D9-4E8E-AFD8-D822C95CCF45|0|11528042406420260515|S|||S|N| 
INV|420765600169|1|000038000|000038000|1|0|| 
INV|458146700016|1|000000599|000000599|2|0|| 
TRX|528|2430001|002|3|000330870|02|20260815|20027FF1-4EE2-4842-9B32-4F249F63060E|0|11528002856220260515|S|||S|N|528
INV|459502600018|1|000144900|000169900|1|000025000|| 
INV|463541900008|1|000050970|000050970|2|0|| 
INV|456763000014|1|000135000|000135000|3|0|| 
TRX|528|2430001|042|1|000085000|01|20260815|DA5BC06A-43AD-4368-81E4-D6CB002D8AED|0|11528042406620260515|S|||S|N| 
INV|487468100006|1|000085000|000085000|1|0|| 
