HDR|08|11|00001
TRX|528|2430001|042|2|000079400|01|20260809|892F34FD-FA63-4E6F-9F48-54268E7BFFE1|0|11528042375020260509|S|||S|N|528
INV|421372100004|1|000019500|000019500|1|0|| 
INV|438370500002|1|000059900|000059900|2|0|| 
TRX|528|2430001|042|3|000043450|01|20260809|D870A978-1F91-406B-A371-EF5B565EF18B|0|11528042375620260509|S|||S|N|528
INV|456678900010|1|000036001|000059500|1|000023499|| 
INV|463542000004|1|000005950|000005950|2|0|| 
INV|443186200008|1|000001499|000001499|3|0|| 
TRX|528|2430001|103|1|000059900|01|20260809|A3466ADE-317F-4ED9-A7FE-21882E8D03C4|0|11528103471420260509|S|||S|| 
INV|414716500004|1|000059900|000059900|1|0|| 
TRX|528|2430001|042|1|000012609|01|20260809|4B447915-3DF1-4AC0-85BD-E417EF1BBB64|0|11528042375720260509|S|||S|N|528
INV|463542200008|1|000012609|000014010|1|000001401|| 
TRX|528|2430001|042|3|000091044|01|20260809|CDF62D9C-FDF3-4D5F-9D04-BE93B9559CDD|0|11528042375220260509|S|||S|N|528
INV|432061500005|1|000065100|000069700|1|000004600|| 
INV|463542200008|1|000021344|000021344|2|0|| 
INV|474058100003|1|000004600|000004600|3|0|| 
TRX|528|2430001|042|55|001029375|01|20260809|3C517D6C-93E2-4DE6-B0FC-EDD17E016FA7|0|11528042375520260509|S|||S|J|528
INV|470223700016|25|000973125|000065900|1|000674375|| 
INV|457476800014|30|000056250|000002500|2|000018750|| 
TRX|528|2430001|042|3|000088756|01|20260809|9BFC4789-3D29-4A0B-A2D4-CC8800E7A748|0|11528042375420260509|S|||S|N|528
INV|461341600012|1|000029410|000074900|1|000045490|| 
INV|463542200008|1|000021346|000022470|2|000001124|| 
INV|420765600169|1|000038000|000038000|3|0|| 
TRX|528|2430001|042|1|000046700|01|20260809|E664D95D-243F-4013-BAE2-8A0B4F7F5DCF|0|11528042375320260509|S|||S|N|528
INV|412605300001|1|000046700|000046700|1|0|| 
TRX|528|2430001|042|2|000125600|01|20260809|6FB1DD8C-9E94-4243-9F98-D572BF00BC09|0|11528042375120260509|S|||S|N|528
INV|446830400007|1|000065700|000065700|1|0|| 
INV|483715100003|1|000059900|000059900|2|0|| 
