HDR|08|11|00001
TRX|528|2430001|042|3|000075044|01|20260809|C1A4674F-574F-42A8-8987-F09CD62A9AA6|0|11528042376120260509|S|||S|N|528
INV|432061500005|1|000052800|000069700|1|000016900|| 
INV|463542200008|1|000020344|000021344|2|000001000|| 
INV|458963800005|1|000001900|000001900|3|0|| 
TRX|528|2430001|042|1|000038000|01|20260809|AF66D784-DA92-4793-93C8-670BB67015D0|0|11528042376320260509|S|||S|N| 
INV|420765600169|1|000038000|000038000|1|0|| 
TRX|528|2430001|042|1|000038000|01|20260809|200BBBFA-A706-4C2A-A846-FD0F02F17B5E|0|11528042376520260509|S|||S|N| 
INV|420765600169|1|000038000|000038000|1|0|| 
TRX|528|2430001|042|2|000076000|01|20260809|F44863BC-5C98-452B-8411-646F4B14BE19|0|11528042376220260509|S|||S|N|528
INV|420765600169|1|000038000|000038000|1|0|| 
INV|420765600169|1|000038000|000038000|2|0|| 
TRX|528|2430001|042|1|000041327|01|20260809|66BBB361-3014-4034-AD05-A4533AE444F0|1|11528042376420260509|S|||S|N|528
INV|441467100009|1|000041327|000041327|1|0|| 
