HDR|08|11|00001
TRX|528|2430001|042|4|000003496|01|20260810|41B74AA4-B3FE-4E13-A55F-6CB6BF4E95BA|0|11528042382020260510|S|||S|N| 
INV|457032500013|3|000002397|000000799|1|0|| 
INV|457032700017|1|000001099|000001099|2|0|| 
TRX|528|2430001|042|1|000044500|01|20260810|0AD4AAAA-2517-4FEC-A089-D5561E473921|0|11528042382120260510|S|||S|N| 
INV|430875500006|1|000044500|000044500|1|0|| 
TRX|528|2430001|002|125|014985625|02|20260810|3317460F-2EF1-48A1-BA9C-DF973E30B2BF|0|11528002842220260510|S|||S|J|528
INV|473220000004|125|014985625|000129900|1|001251875|| 
TRX|528|2430001|002|5|000030995|01|20260811|0A91BE62-26F2-4CE8-99B1-B797F8AD611D|0|11528002843020260511|S|||S|N|528
INV|439598200002|5|000030995|000006199|1|0|| 
