HDR|08|11|00001
TRX|528|2430001|042|1|000089249|01|20260810|571A48F2-8C72-4795-8BDD-79E09EB72103|0|11528042381720260510|S|||S|J|528
INV|461223200019|1|000089249|000104999|1|000015750|| 
TRX|528|2430001|042|2|000019058|01|20260810|72302BCA-2609-4844-ACB9-7C3035881A79|0|11528042381820260510|S|||S|J|528
INV|439296000003|1|000014999|000017900|1|000002901|| 
INV|463541900008|1|000004059|000004059|2|0|| 
TRX|528|2430001|042|1|000146400|01|20260810|C676A942-ACBB-4F41-B0C6-657A0D3191ED|0|11528042381620260510|S|||S|J|528
INV|468129900012|1|000146400|000146400|1|0|| 
TRX|528|2430001|002|3|000044086|01|20260810|3D2F052A-6155-4C19-90C8-6C70C5B194EB|0|11528002841320260510|S|||S|N| 
INV|461431200016|1|000028901|000036900|1|000007999|| 
INV|463542200008|1|000011186|000011186|2|0|| 
INV|442197900006|1|000003999|000003999|3|0|| 
TRX|528|2430001|002|2|000048200|01|20260810|68BC9597-A508-4F8E-9922-10C94498072F|0|11528002841520260510|S|||S|N|528
INV|420765600169|1|000038000|000038000|1|0|| 
INV|463542200008|1|000010200|000010200|2|0|| 
TRX|528|2430001|002|1|000011186|01|20260810|65CB5C27-EF16-4672-82BC-C3369EB44D6E|0|11528002841420260510|S|||S|N| 
INV|463542200008|1|000011186|000011186|1|0|| 
TRX|623|2010040|044|2|000027094|01|20260809|B824F632-8E78-4464-9C61-71D2CFA338DF|0|11623044268420260409|S|||S|N|623
INV|462508500015|1|000022500|000030000|1|000007500|| 
INV|463541700004|1|000004594|000006125|2|000001531|| 
