HDR|08|11|00001
TRX|528|2098901|042|3|000116544|01|20260811|50048442-3251-453F-ACB5-AE2847A24AC4|0|11528042388620260511|S|||S|N|528
INV|496063600002|1|000041700|000046700|1|000005000|| 
INV|463542200008|1|000014944|000014944|2|0|| 
INV|438370500002|1|000059900|000059900|3|0|| 
TRX|528|2098901|042|3|000183615|02|20260811|B628B935-A08F-4EE9-B7DD-3E6CF4D6761A|0|11528042387720260511|S|||S|N|528
INV|462751100017|1|000084900|000109900|1|000025000|| 
INV|463542200008|1|000029015|000029015|2|0|| 
INV|432061500005|1|000069700|000069700|3|0|| 
TRX|528|2098901|042|1|000052900|01|20260811|007ECABE-78E7-4468-9140-9931B39E18C8|0|11528042388420260511|S|||S|N| 
INV|468006200013|1|000052900|000069900|1|000017000|| 
TRX|528|2098901|042|1|000002100|01|20260811|CB5861DB-E1BD-40E2-81E2-8152FE42F861|0|11528042387520260511|S|||S|N|528
INV|499386600001|1|000002100|000002100|1|0|| 
TRX|528|2098901|042|1|000203900|02|20260811|0333C656-29B4-4AFB-9722-B9F9C60F67C6|0|11528042387420260511|S|||S|J|528
INV|414781600005|1|000203900|000203900|1|0|| 
TRX|528|2098901|002|2|000133900|01|20260811|04E526F2-83E3-4D3A-B5D5-81134008AA95|0|11528002845220260511|S|||S|N| 
INV|487468100006|1|000085000|000085000|1|0|| 
INV|462801200018|1|000048900|000072900|2|000024000|| 
TRX|528|2098901|042|1|000031600|01|20260811|DA11A923-1891-40AB-AE7E-0887243691BB|0|11528042388220260511|S|||S|N| 
INV|462674200016|1|000031600|000039500|1|000007900|| 
TRX|528|2098901|042|100|004232000|01|20260811|194A4F50-5E4F-4101-996A-2BCEA9D0CE2C|0|11528042388120260511|S|||S|J|528
INV|468006200013|100|004232000|000069900|1|002758000|| 
TRX|528|2098901|002|2|000086900|01|20260811|1152800200000449|0|11528002844920260511|R|11528002844820260511|528|S|N| 
INV|420765600169|1|000038000|000038000|1|0|| 
INV|462801200018|1|000048900|000072900|2|000024000|| 
TRX|528|2098901|002|2|000117900|01|20260811|2A728D9B-F048-492C-9C7B-A82412ADEAAB|0|11528002844720260511|S|||S|N| 
INV|461431200016|1|000032900|000036900|1|000004000|| 
INV|487468100006|1|000085000|000085000|2|0|| 
TRX|528|2098901|042|1|000039500|01|20260811|9B7A67D1-997C-4277-B9D5-01434188E76B|0|11528042388520260511|S|||S|N| 
INV|462674200016|1|000039500|000039500|1|0|| 
TRX|528|2098901|002|2|000086900|01|20260811|6EEB794E-37D3-4137-A460-5CD3BD77AB6D|0|11528002844820260511|S|||S|N| 
INV|420765600169|1|000038000|000038000|1|0|| 
INV|462801200018|1|000048900|000072900|2|000024000|| 
TRX|528|2098901|002|2|000117900|01|20260811|1152800200000450|0|11528002845020260511|R|11528002844720260511|528|S|N| 
INV|461431200016|1|000032900|000036900|1|000004000|| 
INV|487468100006|1|000085000|000085000|2|0|| 
TRX|528|2098901|042|3|000127925|02|20260811|3C5F17E5-9DFE-421A-9927-E3B17998BC36|0|11528042388320260511|S|||S|J|528
INV|462751100017|1|000092910|000109900|1|000016990|| 
INV|463542200008|1|000029015|000029015|2|0|| 
INV|495307300005|1|000006000|000006000|3|0|| 
