HDR|08|11|00001
TRX|528|2430001|042|5|000091391|01|20260812|A9A92E75-8F95-4E07-A0F4-58FBF11F66A8|1|11528042395920260512|S|||S|N|528
INV|427883800006|1|000040619|000047699|1|000007080|| 
INV|463542200008|1|000019115|000016916|2|000002199|| 
INV|457119500011|1|000006991|000006991|3|0|| 
INV|417690900006|1|000017675|000029115|4|000011440|| 
INV|457119500011|1|000006991|000006991|5|0|| 
TRX|528|2430001|002|4|000259886|02|20260812|FF2FBD69-1BCD-4CFF-AA45-6480DB2ADA17|0|11528002848420260512|S|||S|N|528
INV|461431200016|1|000032900|000036900|1|000004000|| 
INV|463542200008|1|000011186|000011186|2|0|| 
INV|461431200016|1|000032900|000036900|3|000004000|| 
INV|466968300017|1|000182900|000209900|4|000027000|| 
TRX|528|2430001|002|7|000539462|02|20260812|1152800200000452|0|11528002848120260512|R|11528002847620260512|528|S|N| 
INV|462801200018|1|000048900|000072900|1|000024000|| 
INV|462290500019|1|000139900|000139900|2|0|| 
INV|487468100006|1|000085000|000085000|3|0|| 
INV|461431200016|1|000032900|000036900|4|000004000|| 
INV|420765600169|1|000038000|000038000|5|0|| 
INV|462290500019|1|000134476|000139900|6|000005424|| 
INV|487468100006|1|000060286|000085000|7|000024714|| 
TRX|528|2430001|002|4|000128520|02|20260812|6B4789A5-1874-470D-B215-533D0B80DDDF|0|11528002848720260512|S|||S|N|528
INV|427883800006|1|000045900|000053900|1|000008000|| 
INV|463542200008|1|000018360|000021600|2|000003240|| 
INV|427883800006|1|000045900|000053900|3|000008000|| 
INV|463542200008|1|000018360|000021600|4|000003240|| 
TRX|623|2010040|007|4|000083975|02|20260809|C69C83C9-4C20-40A9-8E9D-270824B98B82|0|11623007002420260409|S|||S|N|623
INV|460364900017|1|000049500|000049500|1|0|| 
INV|454113300005|1|000017000|000019500|2|000002500|| 
INV|464436000018|1|000015000|000015000|3|0|| 
INV|463541700004|1|000002475|000002475|4|0|| 
TRX|528|2430001|002|5|000216370|01|20260812|2814FC49-84CA-4461-A21D-52D8D4EF40E2|1|11528002848020260512|S|||S|J| 
INV|462801200018|5|000216370|000064513|1|000106195|| 
TRX|528|2430001|042|344|015280650|02|20260812|881B9F52-C8EE-4758-9FD1-694D31D7DCC4|0|11528042395420260512|S|||S|J|528
INV|462552100018|343|015260750|000049500|1|001717750|| 
INV|459143600002|1|000019900|000019900|2|0|| 
TRX|528|2430001|002|1|000038000|01|20260812|8F78FA8D-3DEB-4ED8-9E1A-9EB4BC88B6C5|0|11528002848620260512|S|||S|J| 
INV|420765600169|1|000038000|000038000|1|0|| 
TRX|528|2430001|042|1|000038000|01|20260812|F3E5ED1F-BEB4-4260-BC69-819E37E0DB33|0|11528042395720260512|S|||S|N|528
INV|420765600169|1|000038000|000038000|1|0|| 
TRX|528|2430001|042|2|000061644|02|20260812|0420A837-9C70-4390-A256-8C5C8388D666|0|11528042395520260512|S|||S|N|528
INV|496063600002|1|000046700|000046700|1|0|| 
INV|463542200008|1|000014944|000014944|2|0|| 
TRX|528|2430001|042|1|000149900|01|20260812|0725E14C-28FC-48B8-AEDA-B1F3D9961C78|0|11528042395820260512|S|||S|| 
INV|470074000013|1|000149900|000149900|1|0|| 
