HDR|08|11|00001
TRX|528|2430001|042|3|000155900|01|20260815|EF5FFB1F-0F01-48DA-962E-FA5E96B79793|0|11528042406220260515|S|||S|N| 
INV|461431200016|1|000032900|000036900|1|000004000|| 
INV|420765600169|1|000038000|000038000|2|0|| 
INV|487468100006|1|000085000|000085000|3|0|| 
TRX|528|2430001|042|2|000141199|01|20260815|0643D13A-AF37-4ED7-BECB-CFB9BFA9ECEA|0|11528042406320260515|S|||S|N| 
INV|462290500019|1|000139900|000139900|1|0|| 
INV|458146800013|1|000001299|000001299|2|0|| 
TRX|623|2010040|021|1|000064900|02|20260809|5B0DE8E4-D434-4EBF-9707-F5C076DD5923|0|11623021097520260409|S|||S|N|623
INV|428889300002|1|000064900|000064900|1|0|| 
TRX|528|2430001|002|2|000002098|01|20260815|4821E561-2ADB-4D21-A3D6-755B6150F07A|0|11528002854520260515|S|||S|| 
INV|457032500013|1|000000799|000000799|1|0|| 
INV|458146800013|1|000001299|000001299|2|0|| 
TRX|528|2430001|002|1|000038000|01|20260815|DAC6428F-ABC2-4A01-8842-5E805C6E115D|0|11528002854720260515|S|||S|J| 
INV|420765600169|1|000038000|000038000|1|0|| 
TRX|528|2430001|002|2|000093515|01|20260815|C9CBF9C4-75E8-42AC-B254-BBCEEC27422A|0|11528002855720260515|S|||S|J|528
INV|462751100017|1|000064500|000089900|1|000025400|| 
INV|463542200008|1|000029015|000029015|2|0|| 
TRX|528|2430001|002|1|000089900|01|20260815|77927A15-3DED-4BDC-A2E5-7631003D05F1|0|11528002854820260515|S|||S|N|528
INV|426953100008|1|000089900|000110000|1|000020100|| 
TRX|528|2430001|002|2|000002098|01|20260815|1152800200000460|0|11528002854620260515|R|11528002854520260515|528|S|| 
INV|457032500013|1|000000799|000000799|1|0|| 
INV|458146800013|1|000001299|000001299|2|0|| 
TRX|528|2430001|002|3|000111144|01|20260815|D89D4532-CB9A-4C66-B479-6E9BFBCE356E|0|11528002855820260515|S|||S|J|528
INV|496063600002|1|000046700|000046700|1|0|| 
INV|463542200008|1|000014944|000014944|2|0|| 
INV|462552100018|1|000049500|000049500|3|0|| 
