HDR|08|11|00001
TRX|528|2430001|042|4|000002936|01|20260811|76101FE3-583B-4A45-AD30-475A4B1FA34B|0|11528042384920260511|S|||S|N| 
INV|457032500013|1|000000639|000000799|1|000000160|| 
INV|457032600010|1|000000719|000000899|2|000000180|| 
INV|458146700016|1|000000539|000000599|3|000000060|| 
INV|458146800013|1|000001039|000001299|4|000000260|| 
TRX|528|2098901|002|1|000031255|01|20260811|1152800200000446|0|11528002844220260511|R|11528002843320260511|528|S|N| 
INV|461431200016|1|000031255|000036900|1|000005645|| 
TRX|528|2430001|042|3|000069638|01|20260811|9ECBBD2A-FE8E-46E1-B8C7-B23F1808B366|0|11528042384520260511|S|||S|N|528
INV|450908000006|1|000047920|000059900|1|000011980|| 
INV|439296100000|1|000016499|000019900|2|000003401|| 
INV|463541900008|1|000005219|000005219|3|0|| 
TRX|528|2430001|042|2|000061644|01|20260811|C87CEE96-0621-4DF0-850E-C429D9258E28|0|11528042384820260511|S|||S|N|528
INV|496063600002|1|000046700|000046700|1|0|| 
INV|463542200008|1|000014944|000014944|2|0|| 
TRX|528|2430001|002|3|000065501|02|20260811|12A6149C-FA8E-4DE1-8DE2-44D2F37EBA1A|0|11528002844120260511|S|||S|J|528
INV|462801200018|1|000040070|000072900|1|000032830|| 
INV|463542200008|1|000023936|000028160|2|000004224|| 
INV|477154200004|1|000001495|000001495|3|0|| 
TRX|528|2430001|042|2|000048200|01|20260811|625FA42F-F1AA-42FE-8991-4A64DAAC53F4|0|11528042384620260511|S|||S|N|528
INV|420765600169|1|000038000|000038000|1|0|| 
INV|463542200008|1|000010200|000010200|2|0|| 
TRX|528|2430001|042|2|000020018|01|20260811|B2432589-E058-4FF3-B68E-744CD84B793F|0|11528042384720260511|S|||S|N|528
INV|439296100000|1|000014799|000019900|1|000005101|| 
INV|463541900008|1|000005219|000005219|2|0|| 
TRX|528|2430001|042|3|000024298|01|20260811|A238C5C5-7FC9-4AF6-B4D8-B9A316AB420A|0|11528042384420260511|S|||S|N| 
INV|447234200002|1|000022700|000022700|1|0|| 
INV|457032800014|1|000000999|000001199|2|000000200|| 
INV|457032500013|1|000000599|000000799|3|000000200|| 
TRX|528|2098901|002|1|000065450|01|20260811|1152800200000447|0|11528002844320260511|R|11528002843420260511|528|S|N| 
INV|487468100006|1|000065450|000085000|1|000019550|| 
TRX|528|2098901|042|1|000001099|01|20260811|4F650660-83C1-4FCB-91E4-971068F6F74F|0|11528042385820260511|S|||S|N| 
INV|457032700017|1|000001099|000001099|1|0|| 
TRX|528|2098901|002|15|000078232|02|20260811|3E58F17C-52AC-464B-923B-E57DF00C38E5|0|11528002844420260511|S|||S|J|528
INV|436657400007|15|000078232|000007899|1|000040253|| 
